1.187322079606664360e+00
1.186284237280745391e+00
1.185230758560395170e+00
1.184161556937914916e+00
1.183076544997467838e+00
1.181975634167950151e+00
1.180858734897741957e+00
1.179725756546543547e+00
1.178576607341670801e+00
1.177411194482508527e+00
1.176229423965450049e+00
1.175031200777383766e+00
1.173816428682433965e+00
1.172585010204499678e+00
1.171336846911416707e+00
1.170071838971754818e+00
1.168789885401259276e+00
1.167490884087050595e+00
1.166174731433301304e+00
1.164841322746843932e+00
1.163490552109623266e+00
1.162122312185694728e+00
1.160736494201940694e+00
1.159332988231759121e+00
1.157911682973397749e+00
1.156472465735615351e+00
1.155015222289907051e+00
1.153539837139478497e+00
1.152046193185879197e+00
1.182994333962053890e+00
1.209910736471045745e+00
1.200980853173267082e+00
1.191573961435921092e+00
1.181665535001066303e+00
1.171229162133005097e+00
1.160236361845414788e+00
1.186446284806764950e+00
1.209666681748606809e+00
1.201932739960678731e+00
1.193841439365764590e+00
1.185376995972624581e+00
1.176522584969581509e+00
1.167260253813627191e+00
1.157570826739787506e+00
1.186948244187406409e+00
1.212627594158535604e+00
1.204066696509790368e+00
1.195067874282349951e+00
1.185609608734861098e+00
1.175668800193719665e+00
1.165220620872161383e+00
1.190110008445305567e+00
1.212260939672129556e+00
1.204820596012625256e+00
1.197051611398558535e+00
1.179609641316564872e+00
1.161380952163479474e+00
1.142354111644128700e+00
1.122515895028760813e+00
1.154933385644207444e+00
1.183883937824822485e+00
1.180048118447232230e+00
1.175729202424713016e+00
1.170908544361623171e+00
1.165566161968827785e+00
1.159680617806236214e+00
1.187299628726153689e+00
1.212331315890159633e+00
1.209014013214752659e+00
1.205315809469118982e+00
1.184396685064535326e+00
1.162553693111231023e+00
1.139768182206555291e+00
1.116020250875062292e+00
1.125724470066823635e+00
1.129851413637387392e+00
1.133977546970454053e+00
1.136702080100862933e+00
1.137920775130361051e+00
1.171393539030355591e+00
1.201940570091843519e+00
1.193922833986371224e+00
1.184597579572754356e+00
1.133477587613006321e+00
1.128199922018738199e+00
1.171860349253351696e+00
1.165132026269184884e+00
1.156731095626791550e+00
1.146528012052359546e+00
1.194504292639649190e+00
1.238986207226882907e+00
1.228959568295440619e+00
1.195853970341945516e+00
1.165858883589261374e+00
1.169099288914313473e+00
1.169873598441711238e+00
1.133655906402110336e+00
1.095722545499651979e+00
1.097038309053478322e+00
1.097867234878782128e+00
1.128712388983333259e+00
1.157374419261254506e+00
1.129080433939251282e+00
1.062312281705207528e+00
1.018701770933700068e+00
1.029776688251830663e+00
1.039903999662607159e+00
1.137458805324834898e+00
1.228244399729842673e+00
1.255564560300142851e+00
1.176648193822781963e+00
1.143343488377380535e+00
1.176694583414863882e+00
1.195373876893107923e+00
1.207480029136994926e+00
1.186590024697093071e+00
1.156619805376696952e+00
1.191191391028177282e+00
1.218346952703278863e+00
1.189094213038985437e+00
1.152385474803134802e+00
1.181132924154579822e+00
1.202753530486321498e+00
1.237270634728456553e+00
1.245537395284042059e+00
1.186802153024327122e+00
1.167526075602203228e+00
1.142428719653791447e+00
1.141837477617685170e+00
1.179194256817708286e+00
1.178895550190779407e+00
1.173112745342085539e+00
1.171428452426620748e+00
1.195183503408930648e+00
1.174884749667842065e+00
1.123460012408890929e+00
1.163131527086038286e+00
1.200346336954813520e+00
1.220268387663178800e+00
1.204707551703277701e+00
1.164974607062157830e+00
1.191403565757219063e+00
1.190121935202841819e+00
1.172298745081914007e+00
1.144368987365733670e+00
1.206015538703539391e+00
1.260896260518854728e+00
1.200242154299984598e+00
1.134638107647674143e+00
1.185062471806245910e+00
1.224437967550033424e+00
1.195098284353346418e+00
1.153272440835471535e+00
1.218152665564527837e+00
1.312725133496698060e+00
1.273884689829978711e+00
1.228237230659277479e+00
1.228709900946359568e+00
1.220712689730186540e+00
1.209657344448020311e+00
1.188595471673685733e+00
1.231643288854687324e+00
1.238255992877228095e+00
1.180070238008125827e+00
1.143817953185783942e+00
1.193644249059810480e+00
1.218101735897049842e+00
1.153228468839178955e+00
1.081880484500110207e+00
1.137846844212388131e+00
1.183629466642506234e+00
1.212076660565204467e+00
1.243111810856493804e+00
1.252736380000374350e+00
1.266067991728720976e+00
1.270182626479655408e+00
1.239762085891717547e+00
1.237906336282533104e+00
1.234169342352138266e+00
1.228620550871723172e+00
1.177543089412272703e+00
1.123453762094803299e+00
1.161161447182174289e+00
1.196540113403692818e+00
1.212282128210774079e+00
1.196976779460390272e+00
1.180506102468108942e+00
1.170116428658522612e+00
1.156974389487482213e+00
1.165474018295076242e+00
1.172640567042261495e+00
1.193769698876849805e+00
1.211292972873576179e+00
1.250756426253771814e+00
1.259231565473380776e+00
1.234191189266068633e+00
1.197569885257198319e+00
1.154814241234354721e+00
1.188906085691583847e+00
1.217836349517294803e+00
1.211109598531967979e+00
1.207128859058741899e+00
1.219709177258832877e+00
1.230279984520723069e+00
1.257289248245329283e+00
1.261903750025771487e+00
1.263495301759909761e+00
1.244151131007630973e+00
1.222059677717549420e+00
1.217102562926466902e+00
1.254520268543771078e+00
1.296950109816177754e+00
1.287906367314037848e+00
1.237478698385612752e+00
1.234316842636732137e+00
1.197904655990883249e+00
1.196896906264280247e+00
1.220358383084387377e+00
1.240979944994316408e+00
1.230786576695477308e+00
1.217926374213539997e+00
1.217726318942142338e+00
1.164828181756377479e+00
1.130736852702050488e+00
1.188164377060707544e+00
1.239505297095968572e+00
1.229496613055353293e+00
1.167555625546629283e+00
1.197139268914039878e+00
1.218041886289812581e+00
1.194735770939165942e+00
1.140014714542815444e+00
1.081768508512772176e+00
1.058453303817086688e+00
1.064294792813813118e+00
1.040723012510991641e+00
1.076398726368706260e+00
1.082803654584350017e+00
1.108488405194152371e+00
1.129546133849410605e+00
1.153486022754097284e+00
1.173749295820217142e+00
1.155456771682572992e+00
1.135384942738424385e+00
1.099674105487930209e+00
1.102068605669811241e+00
1.105605947158085023e+00
1.145330503647969511e+00
1.182681544298574750e+00
1.177608500127343305e+00
1.134935183571192496e+00
1.180081450697936241e+00
1.218782132111843719e+00
1.189268571741088465e+00
1.149535913399892806e+00
1.125462760609772683e+00
1.098169849887149940e+00
1.067516925968952979e+00
1.069740628765729173e+00
1.137183585345021175e+00
1.142690118265611954e+00
1.072931259125015302e+00
9.985550343518223571e-01
1.082616784270828081e+00
1.157326872714748323e+00
1.209765845590096589e+00
1.257580785371132492e+00
1.258837004272337801e+00
1.213078763081184785e+00
1.180920365728801880e+00
1.173076861287905004e+00
1.234733933342598178e+00
1.267525324591227687e+00
1.198631647125717237e+00
1.126199124320108602e+00
1.147310745481370464e+00
1.165974530153721656e+00
1.173486255307198078e+00
1.172399816591136901e+00
1.191217747372596225e+00
1.204193684065163694e+00
1.144269559918882795e+00
1.125138703257589246e+00
1.152467799123513270e+00
1.217904280705600417e+00
1.181759786094641829e+00
1.131089821863260791e+00
1.213130659058373251e+00
1.290084117937378760e+00
1.241198590881607000e+00
1.157518829580908903e+00
1.165980337791818311e+00
1.170499090141892129e+00
1.192810461467501248e+00
1.204651840770303295e+00
1.188231806623658127e+00
1.159610916756061094e+00
1.144234378619210180e+00
1.158588289901808288e+00
1.235991116820187141e+00
1.281124334408497045e+00
1.214551988660268478e+00
1.138269300190052569e+00
1.161918736419268683e+00
1.213084869208084005e+00
1.200809303842110598e+00
1.182143679220861721e+00
1.183430584655780216e+00
1.176066345309900729e+00
1.180274173674597638e+00
1.176987596812492765e+00
1.225004139553830917e+00
1.237006535608486946e+00
1.167945850597415181e+00
1.127041730274440212e+00
1.152646235201801428e+00
1.214933092110017210e+00
1.214845364218177792e+00
1.181725001051901369e+00
1.222512365069388540e+00
1.242154832034197298e+00
1.211563942156790308e+00
1.172481372925467724e+00
1.161239444060110149e+00
1.145812731011389474e+00
1.111135169467932116e+00
1.106245427064522779e+00
1.177263092035868208e+00
1.225827459866834168e+00
1.163854239073670804e+00
1.096101569512697438e+00
1.132869411172671370e+00
1.221481994740462262e+00
1.243252173546480321e+00
1.187079537222637704e+00
1.204300363774789773e+00
1.242701242500106051e+00
1.216509855634784198e+00
1.171535037990771855e+00
1.165807224306024903e+00
1.222532792182607242e+00
1.196427713055578934e+00
1.155744512161864801e+00
1.194900363660826859e+00
1.216445788298170516e+00
1.177702609477988993e+00
1.104146445630656448e+00
1.127981921053717862e+00
1.146582445151079099e+00
1.163939143886270511e+00
1.172862428755930164e+00
1.187959913525175271e+00
1.194349821315671800e+00
1.177051715553738997e+00
1.152258533000950713e+00
1.202527105744063185e+00
1.248343041875727533e+00
1.197525981352593583e+00
1.141504459113314329e+00
1.182044464335896272e+00
1.237515706992987408e+00
1.223422422422533185e+00
1.200791269419081431e+00
1.204133408720638343e+00
1.195259328481299121e+00
1.166932579908908973e+00
1.132916385782360980e+00
1.192066809331990385e+00
1.220874433732551001e+00
1.196704240352223003e+00
1.169491814162835652e+00
1.234999090004905042e+00
1.293641712109643738e+00
1.224881602043407458e+00
1.164704933477092919e+00
1.179807652792838280e+00
1.225534021556749842e+00
1.213070084888859146e+00
1.195489947050841995e+00
1.173542079646489711e+00
1.154039441189737669e+00
1.147321890306939984e+00
1.166273472757731078e+00
1.237830406445506792e+00
1.271821037317033554e+00
1.194141219064683401e+00
1.140368191027341549e+00
1.150310252636558950e+00
1.159038106711003380e+00
1.135748317207593505e+00
1.086379079794757008e+00
1.114358364682233926e+00
1.108533893115455804e+00
1.110806924230022030e+00
1.105568658342496402e+00
1.140132784186664416e+00
1.167685067984490122e+00
1.154164051827090809e+00
1.166156898245349183e+00
1.215676378950355740e+00
1.258600031633930971e+00
1.189056990201811104e+00
1.110477202838856314e+00
1.181181626754943981e+00
1.245611406867531912e+00
1.197774345264022156e+00
1.144985457215120572e+00
1.170223033813643454e+00
1.226534376014571937e+00
1.197622201149429966e+00
1.163005620663783102e+00
1.176257131450939575e+00
1.182873815056010081e+00
1.142856308732413506e+00
1.140190448547671931e+00
1.191885189261163713e+00
1.215928430901791479e+00
1.178458443804322187e+00
1.136778394525937763e+00
1.167690076158678369e+00
1.225691194538180984e+00
1.205493177329333143e+00
1.178873649922795419e+00
1.187052247339347666e+00
1.187439828041833678e+00
1.135941328447411802e+00
1.121796310489667547e+00
1.162506417652040991e+00
1.186990941742431804e+00
1.168203926294263173e+00
1.139850199695480626e+00
1.189082286868390792e+00
1.231886255228841431e+00
1.232957975687284602e+00
1.213593142556169013e+00
1.198392158463683188e+00
1.177613874356223889e+00
1.151296526074057969e+00
1.151848796549845400e+00
1.204803707283496284e+00
1.252816422355719883e+00
1.201810133201056008e+00
1.143456170831925967e+00
1.214971465102630432e+00
1.281164719990010248e+00
1.267170006426736606e+00
1.186962164970235101e+00
1.177706268428097225e+00
1.160803559274654173e+00
1.192408528982198845e+00
1.212089378926653804e+00
1.228948733206782329e+00
1.237455886948481965e+00
1.241345726935211502e+00
1.198738304321798509e+00
1.213451821725557433e+00
1.193361265176407393e+00
1.176610243448359849e+00
1.153988535149747197e+00
1.194620578456205173e+00
1.229470578258104130e+00
1.197893053537129937e+00
1.135172409024514995e+00
1.142039852956100887e+00
1.142356005039188549e+00
1.178013097238647777e+00
1.202634644848862511e+00
1.196333324376514629e+00
1.176945012566576576e+00
1.161465640777044506e+00
1.139013068365002823e+00
1.165684296196483505e+00
1.197328475281164817e+00
1.172915988755922623e+00
1.172272257641816307e+00
1.192261809992284594e+00
1.206682014543282833e+00
1.168070807692207502e+00
1.124953392795076557e+00
1.144653117392807395e+00
1.205747004747498963e+00
1.174591030213785636e+00
1.138347149261456970e+00
1.181518532124437915e+00
1.219084378603154217e+00
1.190222262300252964e+00
1.130709389467709602e+00
1.138680626138677709e+00
1.140594208885532090e+00
1.138718710905452625e+00
1.129427286133990460e+00
1.134672311981667292e+00
1.173959017353465750e+00
1.167735856276517215e+00
1.184748309314201720e+00
1.206361174046655549e+00
1.221587124392758739e+00
1.152277413872745626e+00
1.117775821714436013e+00
1.160200981192354153e+00
