-2.581691045159795195e+01
-1.193526892968321995e+01
-9.089042252129095445e+00
-7.572564379254176359e+00
-6.598059551178669935e+00
-5.911657096957545932e+00
-5.403388307767245102e+00
-5.015434603998658147e+00
-4.713252152021445873e+00
-4.474412912947400400e+00
-4.283527174799394821e+00
-4.129620704421888888e+00
-4.004646266976366498e+00
-3.902568237742126467e+00
-3.818784345460092489e+00
-3.749730937716607926e+00
-3.692616619835657588e+00
-3.645231408431471642e+00
-3.605813280779202490e+00
-3.572941623987684778e+00
-3.545469885018789569e+00
-3.522463050643051652e+00
-3.503157507400409099e+00
-3.486925400356568616e+00
-3.473251433515420761e+00
-3.461708174143003358e+00
-3.451942393679268140e+00
-3.443661713053713491e+00
-3.436621815569390392e+00
-3.430619656018224273e+00
-3.425486647183826339e+00
-3.421081147825919988e+00
-3.417285490709748963e+00
-3.414001059195325816e+00
-3.411145620743713636e+00
-3.408649782158814645e+00
-3.406456515174572264e+00
-3.404516533378832310e+00
-3.402789403368264409e+00
-3.401241093817637839e+00
-3.399843403131221908e+00
-3.398572117663803294e+00
-3.397407607382981087e+00
-3.396332789567104715e+00
-3.395333236009324462e+00
-3.394397895341783045e+00
-3.393516219838827563e+00
-3.392679641727527340e+00
-3.391881522664470072e+00
-3.391116456740475460e+00
-3.390378806679638757e+00
-3.389664561428348488e+00
-3.388970650379035998e+00
-3.388293452559545393e+00
-3.387630831961569999e+00
-3.386980868976693149e+00
-3.386341398350579013e+00
-3.385711747333670196e+00
-3.385090160394913728e+00
-3.384474980358895380e+00
-3.383866461010268889e+00
-3.383262683220200628e+00
-3.382665178770003500e+00
-3.382071602555943191e+00
-3.381481633539977771e+00
-3.380895927813635016e+00
-3.380313183338521377e+00
-3.379732895083114030e+00
-3.379156150755244337e+00
-3.378582224043856552e+00
-3.378010852366655659e+00
-3.377441947966259406e+00
-3.376875075624854450e+00
-3.376310433444897452e+00
-3.375747663185185488e+00
-3.375186697464416685e+00
-3.374627996148513720e+00
-3.374071044495287275e+00
-3.373516371450675955e+00
-3.372963481390890195e+00
-3.372412040938846278e+00
-3.371862389515828617e+00
-3.371314945656345596e+00
-3.370769615835704780e+00
-3.370225948323697818e+00
-3.369683659830508660e+00
-3.369143835180958835e+00
-3.368605041353518459e+00
-3.368068097298447139e+00
-3.367532672338284794e+00
-3.366998418295005902e+00
-3.366466654706797179e+00
-3.365936260012339254e+00
-3.365407426351727072e+00
-3.364880574603872798e+00
-3.364355203566384400e+00
-3.363831810309473092e+00
-3.363309655748246918e+00
-3.362789062854586231e+00
-3.362270208454801068e+00
-3.361752854428545323e+00
-3.361237570765545524e+00
-3.360723875237856095e+00
-3.360211097027031801e+00
-3.359700526003680299e+00
-3.359191520510950824e+00
-3.358683867500933395e+00
-3.358177753454079983e+00
-3.357673291641105617e+00
-3.357170513857650196e+00
-3.356669245107701816e+00
-3.356169836531337491e+00
-3.355671918561049960e+00
-3.355175655246585009e+00
-3.354680909914091735e+00
-3.354188316196379027e+00
-3.353696397377206928e+00
-3.353206219908009711e+00
-3.352718170900758743e+00
-3.352231661532766971e+00
-3.351747068309499422e+00
-3.351263335901352391e+00
-3.350781501241545612e+00
-3.350300798578631500e+00
-3.349821433902404166e+00
-3.349344278826003940e+00
-3.348868375424290722e+00
-3.348394622805205945e+00
-3.347921919276285685e+00
-3.347450889204190538e+00
-3.346981150365274438e+00
-3.346512788115231452e+00
-3.346046309422428422e+00
-3.345581057792558877e+00
-3.345117399435732608e+00
-3.344655398829559978e+00
-3.344194495604932538e+00
-3.343735735013965371e+00
-3.343278785354559801e+00
-3.342823011665741362e+00
-3.342368415675545545e+00
-3.341915651828384348e+00
-3.341464543324809355e+00
-3.341014548938951112e+00
-3.340566158889862969e+00
-3.340119264307422675e+00
-3.339674054299248240e+00
-3.339229961563802807e+00
-3.338787730650972563e+00
-3.338346261519386182e+00
-3.337906771828295760e+00
-3.337468764824840228e+00
-3.337032653822934236e+00
-3.336597494741474712e+00
-3.336163704200725277e+00
-3.335731940835916731e+00
-3.335301099658624313e+00
-3.334871894538173898e+00
-3.334444256059197365e+00
-3.334017984311279825e+00
-3.333592948284710200e+00
-3.333169214655107737e+00
-3.332746967568518404e+00
-3.332326176491550385e+00
-3.331906665452442073e+00
-3.331489204934642068e+00
-3.331072876923732995e+00
-3.330657709007143641e+00
-3.330244538745928740e+00
-3.329831942445132142e+00
-3.329421805709943172e+00
-3.329012508341782972e+00
-3.328604597179591451e+00
-3.328198840311687778e+00
-3.327794377947511428e+00
-3.327391235196107022e+00
-3.326988887775901738e+00
-3.326588304991585421e+00
-3.326189396264342513e+00
-3.325791358010970367e+00
-3.325394488085823941e+00
-3.324999316510654612e+00
-3.324605491374188926e+00
-3.324213159222472402e+00
-3.323822380696017209e+00
-3.323432581511358563e+00
-3.323044525808853678e+00
-3.322657868592573838e+00
-3.322272549419551524e+00
-3.321888527694877080e+00
-3.321505970014224651e+00
-3.321125004865692176e+00
-3.320745091102102808e+00
-3.320366831905856575e+00
-3.319990130315324972e+00
-3.319614654639217566e+00
-3.319239801782904120e+00
-3.318866409950864682e+00
-3.318494668225909994e+00
-3.318125056086727920e+00
-3.317756029498141856e+00
-3.317387947054676545e+00
-3.317021041614502952e+00
-3.316655962292453630e+00
-3.316292730803000133e+00
-3.315929870839181337e+00
-3.315568827603485591e+00
-3.315209023570843350e+00
-3.314851340121752976e+00
-3.314494273143918868e+00
-3.314138647391245307e+00
-3.313784574754199408e+00
-3.313431159846161655e+00
-3.313079553137136646e+00
-3.312728414737816429e+00
-3.312379879009645034e+00
-3.312032377556194174e+00
-3.311685116160806519e+00
-3.311340215462351022e+00
-3.310996165603703467e+00
-3.310654036550480850e+00
-3.310313088881880805e+00
-3.309973833982118752e+00
-3.309635015173812089e+00
-3.309297722751452842e+00
-3.308961607966098395e+00
-3.308626653830844422e+00
-3.308293009247891270e+00
-3.307960974956550615e+00
-3.307630327499084366e+00
-3.307300701322169356e+00
-3.306972226900930067e+00
-3.306644709130654114e+00
-3.306318840142667970e+00
-3.305993827721257272e+00
-3.305670746430779960e+00
-3.305349040395508808e+00
-3.305028635027501771e+00
-3.304708403597560906e+00
-3.304390166092207259e+00
-3.304073543846607564e+00
-3.303757755136157659e+00
-3.303443565546841931e+00
-3.303130386431885945e+00
-3.302818180102239598e+00
-3.302507762016289927e+00
-3.302198255040736274e+00
-3.301890508895721332e+00
-3.301583483611611580e+00
-3.301277343066431946e+00
-3.300972661826833576e+00
-3.300669447363203446e+00
-3.300367791403815865e+00
-3.300067325503396543e+00
-3.299767422059796562e+00
-3.299469387131417797e+00
-3.299172243661904869e+00
-3.298876377780497471e+00
-3.298581601976780853e+00
-3.298288079500191206e+00
-3.297995397126491035e+00
-3.297703944406268572e+00
-3.297413840226489423e+00
-3.297124827873413544e+00
-3.296836901468444214e+00
-3.296550549590806511e+00
-3.296265502536351200e+00
-3.295981867582297831e+00
-3.295699032013351459e+00
-3.295417336104179196e+00
-3.295136759251956260e+00
-3.294857374682761630e+00
-3.294579333792128750e+00
-3.294302573584880989e+00
-3.294027082292331432e+00
-3.293753124523738585e+00
-3.293479978514106232e+00
-3.293208382345009788e+00
-3.292937648658148309e+00
-3.292667914438895949e+00
-3.292399624427038596e+00
-3.292132703582202335e+00
-3.291866926559285922e+00
-3.291601514319511868e+00
-3.291337777280942234e+00
-3.291075358738285495e+00
-3.290813391325014159e+00
-3.290553274400489947e+00
-3.290294175845956293e+00
-3.290036092346066532e+00
-3.289779262543458316e+00
-3.289523842319484803e+00
-3.289269141857463996e+00
-3.289015786284532616e+00
-3.288763364050312887e+00
-3.288512211239820626e+00
-3.288262130658696769e+00
-3.288013317304069538e+00
-3.287765894900648966e+00
-3.287519090618520323e+00
-3.287273821112731031e+00
-3.287030234213884405e+00
-3.286787361989740308e+00
-3.286545914571082694e+00
-3.286305575924330036e+00
-3.286065522354316482e+00
-3.285827254280510701e+00
-3.285589596765210452e+00
-3.285352819716086170e+00
-3.285117476718820928e+00
-3.284883559100429729e+00
-3.284650329299812377e+00
-3.284418700960733517e+00
-3.284188198077069742e+00
-3.283958610870671091e+00
-3.283730551768917483e+00
-3.283503953776647943e+00
-3.283277569276734198e+00
-3.283052463813942001e+00
-3.282828237359324053e+00
-3.282605043231981767e+00
-3.282383335140629299e+00
-3.282163072200479093e+00
-3.281943903677506214e+00
-3.281725630021439688e+00
-3.281508053461112517e+00
-3.281292042367147666e+00
-3.281076902122774808e+00
-3.280862873463860296e+00
-3.280649643258858994e+00
-3.280437419736487392e+00
-3.280226390845095263e+00
-3.280016490412752450e+00
-3.279807944217882465e+00
-3.279600032944959498e+00
-3.279393562973174969e+00
-3.279188172252953226e+00
-3.278982972673289975e+00
-3.278779806617216241e+00
-3.278577479921510829e+00
-3.278376359693996100e+00
-3.278176325627800480e+00
-3.277977507986656214e+00
-3.277779710767442456e+00
-3.277582537939577101e+00
-3.277386713114395000e+00
-3.277191782964905098e+00
-3.276998421057675248e+00
-3.276806140585685867e+00
-3.276614686878169369e+00
-3.276424092469678140e+00
-3.276234646737373080e+00
-3.276046452075822124e+00
-3.275859025473145003e+00
-3.275672474047659932e+00
-3.275487072581915182e+00
-3.275302725120910807e+00
-3.275119785746362755e+00
-3.274937516617606903e+00
-3.274756174252642538e+00
-3.274576414646862332e+00
-3.274397858277560580e+00
-3.274219597644070667e+00
-3.274042837021460262e+00
-3.273867170016484085e+00
-3.273692676846736482e+00
-3.273518944853783808e+00
-3.273346259148907311e+00
-3.273174597910032624e+00
-3.273003902209571159e+00
-3.272834730570004069e+00
-3.272666454655643875e+00
-3.272498571163517944e+00
-3.272332167705370942e+00
-3.272166946044639424e+00
-3.272002611645737691e+00
-3.271838735667489839e+00
-3.271676258322565367e+00
-3.271514615887397337e+00
-3.271353868077588434e+00
-3.271194614803401901e+00
-3.271035538820668886e+00
-3.270877738472837137e+00
-3.270721615137071936e+00
-3.270565946346788877e+00
-3.270411066852841220e+00
-3.270257629770896290e+00
-3.270105360613648315e+00
-3.269953492120916572e+00
-3.269802690567478631e+00
-3.269653419849133602e+00
-3.269504397792802664e+00
-3.269356732343758232e+00
-3.269209817562621634e+00
-3.269064031270661808e+00
-3.268919272252686525e+00
-3.268775726405668269e+00
-3.268633422271814748e+00
-3.268491113097672596e+00
-3.268350536960038522e+00
-3.268211170929791187e+00
-3.268072725466227624e+00
-3.267935018652865065e+00
-3.267798098530592554e+00
-3.267662539542180777e+00
-3.267527165386419075e+00
-3.267393637627578951e+00
-3.267260998773119596e+00
-3.267128686183347064e+00
-3.266998078782336279e+00
-3.266867911644760092e+00
-3.266739080101375592e+00
-3.266611553311340010e+00
-3.266484597621939656e+00
-3.266358305169258180e+00
-3.266233281275088274e+00
-3.266108870969760769e+00
-3.265986122105281275e+00
-3.265864322058096292e+00
-3.265743255320167293e+00
-3.265623105649346325e+00
-3.265504240054191154e+00
-3.265385563110154710e+00
-3.265268023115468488e+00
-3.265151395915162791e+00
-3.265036049115612737e+00
-3.264921967353369592e+00
-3.264808635961299554e+00
-3.264695731619611685e+00
-3.264584310953960955e+00
-3.264473337874910452e+00
-3.264363366504432484e+00
-3.264254982539590788e+00
-3.264146456294684917e+00
-3.264039907772833704e+00
-3.263933641623414150e+00
-3.263828778653657281e+00
-3.263724573718962851e+00
-3.263621338974393105e+00
-3.263519069611696466e+00
-3.263417414663660310e+00
-3.263316794991176106e+00
-3.263217217188405961e+00
-3.263118751059050915e+00
-3.263020837873050972e+00
-3.262924354922313253e+00
-3.262828697687645718e+00
-3.262733556506119736e+00
-3.262639684084706282e+00
-3.262546628721463282e+00
-3.262454006889772273e+00
-3.262362705231559801e+00
-3.262272273599452266e+00
-3.262183360280145106e+00
-3.262095361655923842e+00
-3.262007671485012583e+00
-3.261920659626522223e+00
-3.261834774225988998e+00
-3.261749509823688609e+00
-3.261665377839418678e+00
-3.261582438444981413e+00
-3.261500320127113550e+00
-3.261419002005772949e+00
-3.261338363025595211e+00
-3.261259003992760697e+00
-3.261180485618996538e+00
-3.261102648634592871e+00
-3.261025870449711483e+00
-3.260950176467433348e+00
-3.260875632329129470e+00
-3.260801582634624829e+00
-3.260728302955162583e+00
-3.260655632438249629e+00
-3.260584781169437285e+00
-3.260514122544663884e+00
-3.260444761767118393e+00
-3.260376305748588610e+00
-3.260308349362053715e+00
-3.260241464860128779e+00
-3.260175484009989688e+00
-3.260110355003406735e+00
-3.260045908595554653e+00
-3.259982840201629983e+00
-3.259920471704799372e+00
-3.259858807129847325e+00
-3.259798256524757853e+00
-3.259738329938180357e+00
-3.259679200502954011e+00
-3.259621086498447617e+00
-3.259563875344166028e+00
-3.259507283943893441e+00
-3.259451711589450351e+00
-3.259397065714151331e+00
-3.259343616560406609e+00
-3.259290478930277235e+00
-3.259238505556979693e+00
-3.259187078055347353e+00
-3.259136890582453372e+00
-3.259087837068531890e+00
-3.259039940553754455e+00
