-4.226728466617283075e+00
-4.228175286879343631e+00
-4.229623526197125116e+00
-4.231073189265939227e+00
-4.232524269601076305e+00
-4.233976778860857770e+00
-4.235430708271917588e+00
-4.234756612571146661e+00
-4.232675690062438711e+00
-4.232849685090271485e+00
-4.233025121810491953e+00
-4.233633646846096887e+00
-4.232973499076148727e+00
-4.232325880242231442e+00
-4.232589003738941535e+00
-4.235922775385277284e+00
-4.238454849749381914e+00
-4.235009723625424272e+00
-4.230817197638810256e+00
-4.232161875413004815e+00
-4.233525177502141190e+00
-4.231337644815932109e+00
-4.229173989556603175e+00
-4.231416689860388658e+00
-4.233338572001851929e+00
-4.230663023710738990e+00
-4.227993946490492760e+00
-4.230770574929349159e+00
-4.233550736122077218e+00
-4.234069440310793020e+00
-4.232319009008987720e+00
-4.230577667498913286e+00
-4.234216421806668684e+00
-4.237892324793167020e+00
-4.235336661881659026e+00
-4.233707496550402460e+00
-4.233201385298598574e+00
-4.232756337351733400e+00
-4.227061502872949461e+00
-4.221398624321255788e+00
-4.231118649618792027e+00
-4.240935083545314122e+00
-4.241610450613025662e+00
-4.231412191499502207e+00
-4.229172650455063298e+00
-4.225808288472235219e+00
-4.231024909605539897e+00
-4.236373331916026608e+00
-4.232099646339057664e+00
-4.228904145538615822e+00
-4.230731030070161047e+00
-4.232657929436279609e+00
-4.239267936506168510e+00
-4.236935157163370214e+00
-4.227750411321563817e+00
-4.219418728159524790e+00
-4.231124145476604426e+00
-4.242950601878136219e+00
-4.233752180418719924e+00
-4.227389505645566814e+00
-4.225453501951160540e+00
-4.232612453796639862e+00
-4.236922390007682893e+00
-4.241289310022029468e+00
-4.234992423123448368e+00
-4.229928716214237383e+00
-4.224927132357009896e+00
-4.230752462131315284e+00
-4.236655887294042522e+00
-4.232356726633647703e+00
-4.229107351465028586e+00
-4.227066258404623689e+00
-4.225039549972716024e+00
-4.230695775932700187e+00
-4.235937961162692389e+00
-4.241230506850962811e+00
-4.234705130265949968e+00
-4.227355382045210774e+00
-4.224580816310005815e+00
-4.230822498562691436e+00
-4.237131226140216533e+00
-4.238619544423076313e+00
-4.230123064552589796e+00
-4.226001429629179462e+00
-4.222888675363674515e+00
-4.230386305224560495e+00
-4.234875474736562673e+00
-4.239435793819499310e+00
-4.233626699659597037e+00
-4.227969109823062510e+00
-4.231503301632326242e+00
-4.235124706130512173e+00
-4.239889252297983191e+00
-4.233252967692369140e+00
-4.226854530886662076e+00
-4.229706733377613936e+00
-4.232712603000362783e+00
-4.231615100144840547e+00
-4.230622837731337960e+00
-4.224694660045849481e+00
-4.227705511628196078e+00
-4.237148871306157361e+00
-4.245737454806513433e+00
-4.233944383153221303e+00
-4.222283766296228258e+00
-4.230836117588022027e+00
-4.239462744479909340e+00
-4.239265671996756524e+00
-4.229473431733444144e+00
-4.226545880509334552e+00
-4.224646432023008380e+00
-4.230629692496412630e+00
-4.236805027390501799e+00
-4.234351360628762606e+00
-4.232019355004844385e+00
-4.225081787259020949e+00
-4.228400255053843537e+00
-4.237430828513390146e+00
-4.246554328563411751e+00
-4.233707600025660156e+00
-4.221034282431236129e+00
-4.230665306955748939e+00
-4.240392750535800559e+00
-4.240630959096967523e+00
-4.230036263934704444e+00
-4.226327541239614405e+00
-4.231735611502634775e+00
-4.232483704665432001e+00
-4.233292978411657970e+00
-4.238837083849668730e+00
-4.234848409779064404e+00
-4.225040442957050502e+00
-4.224455692061049206e+00
-4.230615576596931326e+00
-4.236813102050200008e+00
-4.236670790785376894e+00
-4.236560735579168124e+00
-4.232052857665948409e+00
-4.227694749177576483e+00
-4.230046461286588233e+00
-4.232491765773763071e+00
-4.238238553281670207e+00
-4.234955133738395716e+00
-4.226455566376804640e+00
-4.218030292172239903e+00
-4.228738352934919398e+00
-4.239577377859450102e+00
-4.230283069729910750e+00
-4.221088457136882077e+00
-4.220812708747980757e+00
-4.231341628454415194e+00
-4.235610564759356045e+00
-4.230703341707886089e+00
-4.229133281595455429e+00
-4.226968791345752763e+00
-4.221757194828750670e+00
-4.224648465871994496e+00
-4.233941043012346306e+00
-4.233669353196148677e+00
-4.226666871677816850e+00
-4.220673226319113347e+00
-4.220876793312704045e+00
-4.229587839216019773e+00
-4.232410548611666101e+00
-4.235331112655461361e+00
-4.230476009278501870e+00
-4.225771476540382210e+00
-4.228283807951977558e+00
-4.230981568344693855e+00
-4.236560989482369699e+00
-4.242171491601022915e+00
-4.230546018669761210e+00
-4.219073712178768254e+00
-4.227105672778254331e+00
-4.236146028065981284e+00
-4.236691389611612735e+00
-4.227800180406207531e+00
-4.224765092576582504e+00
-4.221836789159949532e+00
-4.226969624787153990e+00
-4.232731889408001713e+00
-4.229759261226941014e+00
-4.226892454637630969e+00
-4.221091953739560587e+00
-4.225007606766014057e+00
-4.233464939031408747e+00
-4.242003127053059153e+00
-4.229886736897297439e+00
-4.217911179607009231e+00
-4.226966150420546242e+00
-4.236108328186667826e+00
-4.236853771136071423e+00
-4.226905114286492626e+00
-4.222691093634649562e+00
-4.226696286718602202e+00
-4.228881982960673191e+00
-4.232026047307769545e+00
-4.236212555808269720e+00
-4.230421635786465906e+00
-4.224708123474382404e+00
-4.228089098078314123e+00
-4.232212606589727422e+00
-4.235640157923345583e+00
-4.238069381936028002e+00
-4.230468537397293893e+00
-4.221349043393001210e+00
-4.226081802594585213e+00
-4.232014877576530942e+00
-4.228075500936459008e+00
-4.223123592352973077e+00
-4.221362278324794381e+00
-4.219617038038914636e+00
-4.226686693444309029e+00
-4.232015381443912538e+00
-4.237411335893444431e+00
-4.227018233602491293e+00
-4.216749746497832518e+00
-4.226016018187642942e+00
-4.235364132479786825e+00
-4.235883413951260223e+00
-4.226273734968021500e+00
-4.220980782791022179e+00
-4.224604168061159903e+00
-4.229479675849756148e+00
-4.231029604782264641e+00
-4.233182286114131720e+00
-4.228432211897200865e+00
-4.223842568564848854e+00
-4.226771804568871360e+00
-4.229760395097375003e+00
-4.234524936462183753e+00
-4.230869692065093446e+00
-4.224578761613856592e+00
-4.218628304139111052e+00
-4.227455453489353587e+00
-4.236366801513929303e+00
-4.236226073245414447e+00
-4.225569690662831945e+00
-4.221217958447483376e+00
-4.217759224924432004e+00
-4.225506859776921864e+00
-4.233421915820657411e+00
-4.229136932083016553e+00
-4.224953602102903716e+00
-4.218692859201723877e+00
-4.223428820850691601e+00
-4.231401332168763574e+00
-4.229493013926104439e+00
-4.225633389161836284e+00
-4.221807773509238082e+00
-4.220245999740237508e+00
-4.221937653305287697e+00
-4.229921779170481955e+00
-4.230355396703880722e+00
-4.230897147689167248e+00
-4.228483026798502742e+00
-4.223867871035402288e+00
-4.218861571955302203e+00
-4.225322337585939003e+00
-4.231436511849167026e+00
-4.236689536186349692e+00
-4.229157583220000127e+00
-4.220592045622745481e+00
-4.220891795760434384e+00
-4.225910553782618706e+00
-4.230950057863261726e+00
-4.236010352428404957e+00
-4.235866579582791225e+00
-4.235731994484363661e+00
-4.228446006005711411e+00
-4.221283551812193835e+00
-4.226269117968115552e+00
-4.230447987474687643e+00
-4.233238246760868684e+00
-4.234905755811971595e+00
-4.236588239557795177e+00
-4.228833940939541236e+00
-4.221178133741272376e+00
-4.223668545011270758e+00
-4.228376249231889261e+00
-4.233102768780883096e+00
-4.233146445676013947e+00
-4.233198418589411816e+00
-4.226119381813721709e+00
-4.223838728176810164e+00
-4.220600059844685781e+00
-4.225995303652547719e+00
-4.231452960981703093e+00
-4.227376371151514434e+00
-4.223315247649940041e+00
-4.220890609574007080e+00
-4.219325211544654231e+00
-4.217769640509622775e+00
-4.224390031968421333e+00
-4.230298090524799548e+00
-4.227147323230974862e+00
-4.224009553492857449e+00
-4.224234245869422644e+00
-4.224465417353901131e+00
-4.224703034742851138e+00
-4.220564869873610014e+00
-4.216438576321149156e+00
-4.222591436252777441e+00
-4.231853808211915258e+00
-4.228208994950583666e+00
-4.222031615456889320e+00
-4.220190275306058503e+00
-4.218363554172054997e+00
-4.228546815364003564e+00
-4.235477112487957108e+00
-4.228106229013420148e+00
-4.220798736366320192e+00
-4.220416801747724378e+00
-4.229517287304698669e+00
-4.232586218417753621e+00
-4.234770669938492382e+00
-4.227971278505023633e+00
-4.221339125964826522e+00
-4.223254105511687229e+00
-4.226206304071967956e+00
-4.231854516780021669e+00
-4.227945695884088195e+00
-4.220204667326245662e+00
-4.212549594476131531e+00
-4.224671739371672174e+00
-4.235862493290131425e+00
-4.226772455238575255e+00
-4.217755018269905953e+00
-4.217691310504490865e+00
-4.227563912182078276e+00
-4.230038257402861213e+00
-4.232602911382841171e+00
-4.225564826049781786e+00
-4.218711012033913299e+00
-4.222643098202291334e+00
-4.227719207388992650e+00
-4.233272696492251796e+00
-4.228703462701787430e+00
-4.219248375064415413e+00
-4.218482717777985336e+00
-4.225323279349492367e+00
-4.233739354297446411e+00
-4.233123070020162970e+00
-4.223814756644768131e+00
-4.220557722589780347e+00
-4.226148606090754711e+00
-4.224253200345554404e+00
-4.223382545240506047e+00
-4.228056295771715156e+00
-4.234097257318976126e+00
-4.225842580656800074e+00
-4.217696190002865997e+00
-4.225685576994168358e+00
-4.233717312006651134e+00
-4.231345191010589701e+00
-4.228985481200112417e+00
-4.233004734741026454e+00
-4.227268748856175762e+00
-4.218333710348871612e+00
-4.219534773047627141e+00
-4.225288783998864872e+00
-4.231070623807157816e+00
-4.229623873524789524e+00
-4.228186907268014494e+00
-4.232632998904799493e+00
-4.227813304977084741e+00
-4.219918861935780363e+00
-4.221225851107540450e+00
-4.226963880968617637e+00
-4.232729144874400440e+00
-4.230377582303192163e+00
-4.228034722642166621e+00
-4.231675061979068175e+00
-4.226187459322758855e+00
-4.217674492321479285e+00
-4.219059089064606916e+00
-4.224797908820877801e+00
-4.229618393987265357e+00
-4.228656740127189728e+00
-4.227714240432805859e+00
-4.232637836464539838e+00
-4.227903786616267645e+00
-4.219568476922310296e+00
-4.221047999767572279e+00
-4.227270041466501205e+00
-4.231337945516607135e+00
-4.229143303730731773e+00
-4.228088405924029125e+00
-4.223134993986026764e+00
-4.218311546194833284e+00
-4.221361130300702591e+00
-4.224493550605295411e+00
-4.230513935920667379e+00
-4.235763398565732807e+00
-4.224379523457374219e+00
-4.213131544366755854e+00
-4.222695848393360762e+00
-4.232331609956771601e+00
-4.232869400641352975e+00
-4.222533622098694650e+00
-4.218289517841068204e+00
-4.214143782034726726e+00
-4.221183745783923413e+00
-4.228456476951520493e+00
-4.222600581664249120e+00
-4.217913333929190323e+00
-4.220345186600575005e+00
-4.222892416522335601e+00
-4.229789852835421193e+00
-4.227592493227318116e+00
-4.219601493750321453e+00
-4.220389300071937022e+00
-4.224763899075682616e+00
-4.229178645879701826e+00
-4.226465654165936670e+00
-4.223788738471272453e+00
-4.227490722560115266e+00
-4.224248960541837405e+00
-4.216821733299775055e+00
-4.218178845625990547e+00
-4.223259286361803255e+00
-4.228387914776337908e+00
-4.227600631210402859e+00
-4.226862240290532924e+00
-4.231328603690900358e+00
-4.227400012805677676e+00
-4.218180900410031242e+00
-4.217947425512338810e+00
-4.224669728571942784e+00
-4.231428663232224885e+00
-4.230251025956358824e+00
-4.229110190607721975e+00
-4.224061720481156357e+00
-4.219946284626820976e+00
-4.223553224808475726e+00
-4.227270761925203679e+00
-4.232706817581471270e+00
-4.228588550117316380e+00
-4.218667426257344033e+00
-4.208811415745064899e+00
-4.220621720259446263e+00
-4.232576010850094939e+00
-4.222169982935801258e+00
-4.211870853686293437e+00
-4.219187064823412214e+00
-4.226582992020530227e+00
-4.227416323647738672e+00
-4.218778772767268315e+00
-4.217122617156518594e+00
-4.215536992816643291e+00
-4.220864858385085405e+00
-4.226306466475358903e+00
-4.232809746902746362e+00
-4.226397141984817196e+00
-4.217040049255583511e+00
-4.216845698928296748e+00
-4.223202038224449950e+00
-4.229597312203136283e+00
-4.228750606005766244e+00
-4.227870560182951820e+00
-4.221518518946044018e+00
-4.215346589683440115e+00
-4.220629178988717811e+00
-4.226051306196364266e+00
-4.233214167790153581e+00
-4.228560731378796511e+00
-4.217592377795021719e+00
-4.215826011610778856e+00
-4.221721385811513017e+00
-4.227674126052464842e+00
-4.228437893224612942e+00
-4.220138944246511592e+00
-4.216224503715337413e+00
-4.221744726307056439e+00
-4.221716873768366796e+00
-4.221747946189734257e+00
-4.226895439879606364e+00
-4.232076941278474003e+00
-4.221243106014202162e+00
-4.210528381526033037e+00
-4.218986561285793080e+00
-4.226686986747484553e+00
-4.226093169808142314e+00
-4.216383183441522853e+00
-4.213055252418675067e+00
-4.211217140042741391e+00
-4.217606692231304244e+00
-4.224168869607177079e+00
-4.220333389548465597e+00
-4.216642580703701348e+00
-4.211716363081547954e+00
-4.216705368959886790e+00
-4.227069055137740783e+00
-4.237510421927587423e+00
-4.225505708088322265e+00
-4.211184036369344241e+00
-4.219631723860890027e+00
-4.228193441612114079e+00
-4.220992778027713221e+00
-4.213853488771929889e+00
