1.185754688836597293e+00
1.181812858788920284e+00
1.177864855497820606e+00
1.173910662629868096e+00
1.169950285033707349e+00
1.165983709901690979e+00
1.162010936699100494e+00
1.161844697594844877e+00
1.165383922875764089e+00
1.165194780677190955e+00
1.164989543862411825e+00
1.165207899737772390e+00
1.170434521335578015e+00
1.175634634988291349e+00
1.175683889567499474e+00
1.168421994055165225e+00
1.166142978853115242e+00
1.171948695961121611e+00
1.178119599950608887e+00
1.177368845046324886e+00
1.176558617488715264e+00
1.177487290997413005e+00
1.178319180684905820e+00
1.172192313991357260e+00
1.172674247949915927e+00
1.179341535205631786e+00
1.185972769399569859e+00
1.182604793574123736e+00
1.179215530405176793e+00
1.177349826401473010e+00
1.179892412310901584e+00
1.182386054184690671e+00
1.179277484714372104e+00
1.176037617605264707e+00
1.176712920572302146e+00
1.175203234167332411e+00
1.171720355094321597e+00
1.168109692413862533e+00
1.172998941182606725e+00
1.177821839639437318e+00
1.171761294874437365e+00
1.165599250148247279e+00
1.167672082428058644e+00
1.173324120952820238e+00
1.168353163973113507e+00
1.168348939331409042e+00
1.173031600077434788e+00
1.174905196146033504e+00
1.174750171882813721e+00
1.172440825932520525e+00
1.171677896106710470e+00
1.170778243497212046e+00
1.166780799274749647e+00
1.165519418540661434e+00
1.175503617279319624e+00
1.179579116108339765e+00
1.169482789284422619e+00
1.159303764402980441e+00
1.167670371092903281e+00
1.172952181834396868e+00
1.171904664196998347e+00
1.168036277930339928e+00
1.166057560756634803e+00
1.164054633201100142e+00
1.165562634386355878e+00
1.167159950297224302e+00
1.168712985966556150e+00
1.168303818864390831e+00
1.167862341677096349e+00
1.170604400758061381e+00
1.172445761834486344e+00
1.174520095021169386e+00
1.176577945259023039e+00
1.175215212548075705e+00
1.172425372848012515e+00
1.169605732708745460e+00
1.175276381204778620e+00
1.181229806441445263e+00
1.181035978387665608e+00
1.179002035161907269e+00
1.176941135122505866e+00
1.177528958044185892e+00
1.180753055852229227e+00
1.181590173980530789e+00
1.182297851698854263e+00
1.179598074395876939e+00
1.175606771307093457e+00
1.171585601170637148e+00
1.171142414634890994e+00
1.170630473261878191e+00
1.170393397072752695e+00
1.170114004100323957e+00
1.168996125148454190e+00
1.169703626867216961e+00
1.170307728534670577e+00
1.171674124978976383e+00
1.172934540125595060e+00
1.170768587451360698e+00
1.168511465646281611e+00
1.172318039292148839e+00
1.173012338946763045e+00
1.166633132970369413e+00
1.161128976805691604e+00
1.168622488670736814e+00
1.176028183744159517e+00
1.170158411809896215e+00
1.164215076529237614e+00
1.167825227835628699e+00
1.174429243409141232e+00
1.172614012876876721e+00
1.170145629334669923e+00
1.170498599724876243e+00
1.170737183486796340e+00
1.168880440085912742e+00
1.166927391878700870e+00
1.171945037852968774e+00
1.173603590029821397e+00
1.168065517905078732e+00
1.162448702968446934e+00
1.170342905191265714e+00
1.178141239635278836e+00
1.172701185838536997e+00
1.167144022009320548e+00
1.171468606125048328e+00
1.179134095244767977e+00
1.176999527205651486e+00
1.171903297756022866e+00
1.174623617407756004e+00
1.177257372460948748e+00
1.172308715580887117e+00
1.170275811945370226e+00
1.177375855531119786e+00
1.181490594811317241e+00
1.175269518568574423e+00
1.168986914286465062e+00
1.171424610771452990e+00
1.173792751679580526e+00
1.171373186718739579e+00
1.168854839506384913e+00
1.171215211504188947e+00
1.173492898703726528e+00
1.170010327737144973e+00
1.169267907353222835e+00
1.175628831515301176e+00
1.181913498098646986e+00
1.176531272589760757e+00
1.171029637287088310e+00
1.177505019641117645e+00
1.183862246545486219e+00
1.178492916730307538e+00
1.169618507024388521e+00
1.171429400770810147e+00
1.176164044392673969e+00
1.173740362320502939e+00
1.172065811341294062e+00
1.176887866725246923e+00
1.180219516727026186e+00
1.174470974548955216e+00
1.171671124209039405e+00
1.178715832010389430e+00
1.184309749768571063e+00
1.180509993463100038e+00
1.173228969544282574e+00
1.173574086422434881e+00
1.173796803937796618e+00
1.172655820587697129e+00
1.171352731856104334e+00
1.175303731178837907e+00
1.176067840798474595e+00
1.169901977329374620e+00
1.163683218199260683e+00
1.170654733597630948e+00
1.180549967035467329e+00
1.179589733649041960e+00
1.171945450211975714e+00
1.171887165584708068e+00
1.174494081475352392e+00
1.172664988084790139e+00
1.170655852720448031e+00
1.174501205620008815e+00
1.173845225228870692e+00
1.170335567140830424e+00
1.166749162390957384e+00
1.171404166014314630e+00
1.172952460734883129e+00
1.168041785441469305e+00
1.163064737123579384e+00
1.170279268869073963e+00
1.177397847580317070e+00
1.170644248377969987e+00
1.163815602681507411e+00
1.169814198105304737e+00
1.179136151970466173e+00
1.180968657571197955e+00
1.180628230854444904e+00
1.181409785660036516e+00
1.179601215650966317e+00
1.175960034570382451e+00
1.180391058189069309e+00
1.184772993438964139e+00
1.185485348769223624e+00
1.180818589272570218e+00
1.175786947562705631e+00
1.172028851212381539e+00
1.172264856126157273e+00
1.179841481414273474e+00
1.179795155867096934e+00
1.178108657657292113e+00
1.178009064722030264e+00
1.178002024183251617e+00
1.176557232671818110e+00
1.175075612809221237e+00
1.170472949867753520e+00
1.171334660757513912e+00
1.172135062376184145e+00
1.181007651087516042e+00
1.189819738633542290e+00
1.181625326971679879e+00
1.173388086167647781e+00
1.176433185265543635e+00
1.182600454357365827e+00
1.182868413185866885e+00
1.180201258963038846e+00
1.177972806313614118e+00
1.181061897909311043e+00
1.179765506929879137e+00
1.176099653427703728e+00
1.172369642237949261e+00
1.174175750285779252e+00
1.175953650229258685e+00
1.174285294295448256e+00
1.175092527306880630e+00
1.181378317654640409e+00
1.182851086850510214e+00
1.174584945544502101e+00
1.166271794779737636e+00
1.171075852136425510e+00
1.179112553917178730e+00
1.177347810511019777e+00
1.176129802174614269e+00
1.175657308627173769e+00
1.175107853138324554e+00
1.174850203650745328e+00
1.174538477192176966e+00
1.180598502487542500e+00
1.183059530736541465e+00
1.179143371863137890e+00
1.178299271719426944e+00
1.179342965587688585e+00
1.180340399709057575e+00
1.177540231173462182e+00
1.172949864421592547e+00
1.170494668073133848e+00
1.176850117399680151e+00
1.183088997953436028e+00
1.178695297611986437e+00
1.178052100474904496e+00
1.179160580086187959e+00
1.177139640541880805e+00
1.174286433109213323e+00
1.174622055806747056e+00
1.178613717939865690e+00
1.183895278741937673e+00
1.186691505025092130e+00
1.181425317236526329e+00
1.176135089675991008e+00
1.170820802162285013e+00
1.172582633650159689e+00
1.174321716911092217e+00
1.178108899808696819e+00
1.181849515582548360e+00
1.176586542428140092e+00
1.172526275781347493e+00
1.168286348014428544e+00
1.168904845553779825e+00
1.169498839004059931e+00
1.174677588440463438e+00
1.179813417709751011e+00
1.176497311862406470e+00
1.170944126647632366e+00
1.165330252487597473e+00
1.168872875337596984e+00
1.172377394704073872e+00
1.177274628837619019e+00
1.173790467535387183e+00
1.171672918218066961e+00
1.167641099391918846e+00
1.163573376409245075e+00
1.168799437669833630e+00
1.173963921863018900e+00
1.179143285689969733e+00
1.177923218558849516e+00
1.176640526511878448e+00
1.170321990514498367e+00
1.170455024081859641e+00
1.173718145028347148e+00
1.176931225552808602e+00
1.171658120157114791e+00
1.166350905372189661e+00
1.161009456261627104e+00
1.167190544606807823e+00
1.173326678496297681e+00
1.176801618145775219e+00
1.172368931201450692e+00
1.171809291040994960e+00
1.175494093953114660e+00
1.176986339050999142e+00
1.178471206771261492e+00
1.173309086558846026e+00
1.170023650619754108e+00
1.176666790258291240e+00
1.183272680896192419e+00
1.182253697905264023e+00
1.177479344360750080e+00
1.177626609852979289e+00
1.177995299401116913e+00
1.178357620885112311e+00
1.178592130601901822e+00
1.181626746483736667e+00
1.184239325275559196e+00
1.181528119573213687e+00
1.181958248754734431e+00
1.184768127909240132e+00
1.187433445710334823e+00
1.175986502492033736e+00
1.170627054764814545e+00
1.179240247737891156e+00
1.187797671550219647e+00
1.183118540713640421e+00
1.175134420255552481e+00
1.178548605022690765e+00
1.181908648956433439e+00
1.184614352333218434e+00
1.187208560835010918e+00
1.186051259855668061e+00
1.183011295064945845e+00
1.178936520884992678e+00
1.177968549022613498e+00
1.184063244621350819e+00
1.187357682713567897e+00
1.183281896756876783e+00
1.175296571658427158e+00
1.177341868970033900e+00
1.182135667247907751e+00
1.180145184450927420e+00
1.175257977355481653e+00
1.181148456154446524e+00
1.186097956019979804e+00
1.183513141786460388e+00
1.177267918680704462e+00
1.181479670415571892e+00
1.185611139832995153e+00
1.178321017060814935e+00
1.170974336972085084e+00
1.178004696962770659e+00
1.184989683592211129e+00
1.181044649348119702e+00
1.180100723382391248e+00
1.185565044073425778e+00
1.186958773150234236e+00
1.180533508723780489e+00
1.174056659427608729e+00
1.179638477450956735e+00
1.185181133507470896e+00
1.180131040228519002e+00
1.177952026176636302e+00
1.182477808113349571e+00
1.184028521523833088e+00
1.177956529714367040e+00
1.171832267319294463e+00
1.178936051193963497e+00
1.185998133651895881e+00
1.182238001194058530e+00
1.181283689705814766e+00
1.186534575223885390e+00
1.187574180808430135e+00
1.180754263378012592e+00
1.177477152225989254e+00
1.182502639506576969e+00
1.187483612641663022e+00
1.181656258423389616e+00
1.178828003905149302e+00
1.182452748717982782e+00
1.182899411034410875e+00
1.175740559078050751e+00
1.175183706505539938e+00
1.183758361484600563e+00
1.187190732658107706e+00
1.186262145721455497e+00
1.185266359531588432e+00
1.184769840668252083e+00
1.184163925821481556e+00
1.176607580981151369e+00
1.174067659680491538e+00
1.184162907961255229e+00
1.194180090390164928e+00
1.186016768624124751e+00
1.177802909472788429e+00
1.181549501258140733e+00
1.188663854910760431e+00
1.188558346912143904e+00
1.188360454268093669e+00
1.186081694516855300e+00
1.183637479523485414e+00
1.184180218950591446e+00
1.184365333258527997e+00
1.186867115964653774e+00
1.189287653459603966e+00
1.185867511557736176e+00
1.181851030669208491e+00
1.184934322030963827e+00
1.185149624337766383e+00
1.182577854329434075e+00
1.179917084143612183e+00
1.185583918712785234e+00
1.191188506507093958e+00
1.189481488249274133e+00
1.184698213895225560e+00
1.185930425494541307e+00
1.184231434754223766e+00
1.181701310708934471e+00
1.179037341405870798e+00
1.181706704529247531e+00
1.184287874111180638e+00
1.179835354779015244e+00
1.178044219034235063e+00
1.183396985855335259e+00
1.185798035252272342e+00
1.180189462604693151e+00
1.174519907850835931e+00
1.177263843658097997e+00
1.179944355980899751e+00
1.178527688678534080e+00
1.177315542559836725e+00
1.178061953809087736e+00
1.178718346182135335e+00
1.177008107032271322e+00
1.178239674659343539e+00
1.186311195846512234e+00
1.194318027781804403e+00
1.185867841665806832e+00
1.177345048383791060e+00
1.185027082764183781e+00
1.192641800122305806e+00
1.187870781531066733e+00
1.183032339671439281e+00
1.186980342355700824e+00
1.193315749165614115e+00
1.188199587902069254e+00
1.183020353892172416e+00
1.184196542275127051e+00
1.185301160289528699e+00
1.180824914341486398e+00
1.180816061082019086e+00
1.187643532319050621e+00
1.191489067564267312e+00
1.184830360496526680e+00
1.178123340542605924e+00
1.180213384649861919e+00
1.185561029952267642e+00
1.186856685618886686e+00
1.188037454858581476e+00
1.186973048730405100e+00
1.185788783724114115e+00
1.179241476604772298e+00
1.180089308359461686e+00
1.187967172779425873e+00
1.192854195685258301e+00
1.189590771827595539e+00
1.186254019065360765e+00
1.186309732714035725e+00
1.188759457400637043e+00
1.187659563783714844e+00
1.183485506676722920e+00
1.186368311888089444e+00
1.189183771940788059e+00
1.185746075547987388e+00
1.182241269852102761e+00
1.189345525837486761e+00
1.196374566008025830e+00
1.191054707498270471e+00
1.185886918143499447e+00
1.189513938139093341e+00
1.195959639001912045e+00
1.194583473756987146e+00
1.189166142985174091e+00
1.186699613651704066e+00
1.184098519520491166e+00
1.185831232117180445e+00
1.187424263753873444e+00
1.190263506728734377e+00
1.189787892301268801e+00
1.182781998286239755e+00
1.175711557728241097e+00
1.181496888952403346e+00
1.191759299824674212e+00
1.188555163934455816e+00
1.185249827623620078e+00
1.189025172942524300e+00
1.192701844345322559e+00
