-3.258992120388638281e+00
-3.264057574572703402e+00
-3.269129976708310625e+00
-3.274209347554695171e+00
-3.279295677964078504e+00
-3.284388979638606987e+00
-3.289489256138430129e+00
-3.289322335221949611e+00
-3.285210863377789448e+00
-3.286333593024846067e+00
-3.287473509813553907e+00
-3.288050309534071403e+00
-3.279443966065907379e+00
-3.270881016612438241e+00
-3.267442683739559151e+00
-3.278458923572656225e+00
-3.284237713374208223e+00
-3.274204958098071216e+00
-3.263906141829524099e+00
-3.268267162602556120e+00
-3.272708277667726318e+00
-3.268029787098550187e+00
-3.263473885285602893e+00
-3.274011073926325732e+00
-3.276604847378089325e+00
-3.265286434477479016e+00
-3.254021342786975968e+00
-3.260428213377581041e+00
-3.266870468788633630e+00
-3.268090743618164318e+00
-3.261652754203786309e+00
-3.255273904174623478e+00
-3.264644827122832105e+00
-3.274206828016258175e+00
-3.268790280948185245e+00
-3.265921605476225675e+00
-3.276903913835185644e+00
-3.288048918838550883e+00
-3.277894385616705986e+00
-3.267842088047242743e+00
-3.276917699364345182e+00
-3.286137946300597079e+00
-3.278192962639946639e+00
-3.270725436061983071e+00
-3.285368672381626443e+00
-3.292250415272004460e+00
-3.275610484180152771e+00
-3.264058385214952729e+00
-3.273352642898020193e+00
-3.285153816982266495e+00
-3.279062784205830194e+00
-3.273144727252371489e+00
-3.281312656981257181e+00
-3.290183868539772849e+00
-3.274683278459190827e+00
-3.267316927454641196e+00
-3.280805263192015264e+00
-3.294393954752078635e+00
-3.282840255401398455e+00
-3.277007086788505941e+00
-3.281303569760120276e+00
-3.284848294493935228e+00
-3.283569722441701977e+00
-3.282304617308973604e+00
-3.281509057324985879e+00
-3.283463772019866500e+00
-3.285453595897089407e+00
-3.281220075362111466e+00
-3.277007391699600980e+00
-3.276226103879598561e+00
-3.276319897079633225e+00
-3.272599668352790481e+00
-3.268895714099767424e+00
-3.266277806367852587e+00
-3.269316489560102568e+00
-3.272374870393268687e+00
-3.269398247071068297e+00
-3.266303209159505005e+00
-3.269595726544676229e+00
-3.270587456915329039e+00
-3.271590756574106251e+00
-3.267611792499886647e+00
-3.265142783078604616e+00
-3.267456096277642441e+00
-3.269577258461183966e+00
-3.271023624394568063e+00
-3.270989331669485800e+00
-3.270977659338138555e+00
-3.278572524567038293e+00
-3.286216575711771615e+00
-3.280918950063818507e+00
-3.275655941693976114e+00
-3.274157414988101866e+00
-3.282117713514893342e+00
-3.290158929459904957e+00
-3.280395617964373400e+00
-3.270743480464376685e+00
-3.280629389620427716e+00
-3.290622537268091730e+00
-3.282242954918451971e+00
-3.273704519999041107e+00
-3.283609463124403938e+00
-3.292763849124914266e+00
-3.283311682665842834e+00
-3.273965086436646299e+00
-3.282886402126754088e+00
-3.291911468251224715e+00
-3.281927940494215434e+00
-3.272662734157792297e+00
-3.282228422806341417e+00
-3.292287375626440138e+00
-3.282728178152658938e+00
-3.273285177912215627e+00
-3.283370361661348547e+00
-3.293569259944015393e+00
-3.284232897459329781e+00
-3.274359463228418754e+00
-3.283110956810055825e+00
-3.291965422618621240e+00
-3.282788723702618316e+00
-3.273715056092280751e+00
-3.279756811193947907e+00
-3.285957239175252287e+00
-3.276003729815535337e+00
-3.266913383226570211e+00
-3.277554935727758689e+00
-3.287700502859107310e+00
-3.278679844294097645e+00
-3.269781086657085556e+00
-3.277155921030488361e+00
-3.285320064322320821e+00
-3.275924939497854016e+00
-3.266004813578106347e+00
-3.276605640347890258e+00
-3.287303924084489459e+00
-3.279298387881430799e+00
-3.271403327545612694e+00
-3.282882237542088522e+00
-3.294473031372812333e+00
-3.284291571198896253e+00
-3.274217928823171864e+00
-3.281961842514315109e+00
-3.290515377748289172e+00
-3.280659033898181143e+00
-3.270907753220892999e+00
-3.275997196322019800e+00
-3.281239015637252621e+00
-3.273492217563370055e+00
-3.265899779188294438e+00
-3.276941637446121103e+00
-3.287345885097212150e+00
-3.276869033350505500e+00
-3.266977936218841805e+00
-3.275768309221648522e+00
-3.286882179386171554e+00
-3.279201216152348497e+00
-3.269365274287959977e+00
-3.276343557783049754e+00
-3.284110828266678883e+00
-3.271974060350167690e+00
-3.261442584387647337e+00
-3.270762883781183294e+00
-3.283305097938533201e+00
-3.277877515466230740e+00
-3.272613232549225870e+00
-3.281322354973167599e+00
-3.290227409382374901e+00
-3.277030605004576991e+00
-3.269512828390299664e+00
-3.281385296563948728e+00
-3.293345025878088084e+00
-3.285142270303681666e+00
-3.271610209634226774e+00
-3.272700256452286460e+00
-3.283367142746485889e+00
-3.278257070514489779e+00
-3.274332888372059269e+00
-3.283569410428458291e+00
-3.293034681037217304e+00
-3.278946357424599167e+00
-3.271604297285553020e+00
-3.284532379960545256e+00
-3.297557281646868343e+00
-3.287579365409419641e+00
-3.276963490714396965e+00
-3.285750801448663161e+00
-3.294626623352079342e+00
-3.286182590046937690e+00
-3.277851244962086685e+00
-3.287899377190548922e+00
-3.298047616503242185e+00
-3.283140042467806996e+00
-3.269054841971286152e+00
-3.274096289054115427e+00
-3.274136571429905995e+00
-3.269479470279191169e+00
-3.267854067559745612e+00
-3.271477739156366749e+00
-3.270007727207511650e+00
-3.268575803566274640e+00
-3.264869092238752657e+00
-3.267600081029345294e+00
-3.274776601903033324e+00
-3.280637805611057445e+00
-3.285013707100053804e+00
-3.275640072487494781e+00
-3.271989181228932786e+00
-3.273909448130677191e+00
-3.276750393924162896e+00
-3.277299711810926830e+00
-3.279482590037400502e+00
-3.281712399909726408e+00
-3.283827355105296775e+00
-3.282426601284739398e+00
-3.281074339202755485e+00
-3.273364259161713807e+00
-3.265692366121163648e+00
-3.272529226927975099e+00
-3.279397088971446550e+00
-3.273548383972046949e+00
-3.268532569191493042e+00
-3.274495847210629140e+00
-3.280031180756836307e+00
-3.281887532707110200e+00
-3.273125223052342658e+00
-3.268921204213822040e+00
-3.278132516360135806e+00
-3.287391281905081009e+00
-3.280558023236819665e+00
-3.273761985485057480e+00
-3.278675654480237345e+00
-3.284438320469357464e+00
-3.276114916283170864e+00
-3.271816553829868468e+00
-3.280578166670352402e+00
-3.289378818032258955e+00
-3.281364090900636743e+00
-3.274194919178337493e+00
-3.281067101415024556e+00
-3.286891295316799244e+00
-3.278613908692172618e+00
-3.270400363149966072e+00
-3.276480559047837193e+00
-3.282616168096941678e+00
-3.275848209205183270e+00
-3.268489409240703747e+00
-3.275130070829359585e+00
-3.282549186490034909e+00
-3.277135588071381722e+00
-3.271778629560224694e+00
-3.275359539297119316e+00
-3.284272590326540175e+00
-3.290791603438851798e+00
-3.277105753839558933e+00
-3.263589709525560156e+00
-3.276582863573310078e+00
-3.280766008974811410e+00
-3.279084076929122293e+00
-3.275746779709046930e+00
-3.276541469730927414e+00
-3.276557147643527124e+00
-3.278049393693943436e+00
-3.275136877841585026e+00
-3.271063676773143136e+00
-3.275297490347937490e+00
-3.279544813696576799e+00
-3.283805635237952991e+00
-3.280258965298423757e+00
-3.276733018075107307e+00
-3.277543773791476323e+00
-3.278374801356518375e+00
-3.280944383087952332e+00
-3.282287877844961788e+00
-3.287019780612265851e+00
-3.287462340688291018e+00
-3.287929608994689890e+00
-3.283968004325559686e+00
-3.280026425186707506e+00
-3.281063457632739766e+00
-3.287544124660574774e+00
-3.294085862252769559e+00
-3.287560413260468994e+00
-3.281077957154721947e+00
-3.276437697901626755e+00
-3.284714257236639234e+00
-3.291504491091712392e+00
-3.292800464110263281e+00
-3.294124068750548862e+00
-3.290437799536969798e+00
-3.286820642732607656e+00
-3.279582238737074995e+00
-3.280352382906582598e+00
-3.281195791990955790e+00
-3.288266344455009538e+00
-3.287057589159695592e+00
-3.283300924675473187e+00
-3.279599881014493956e+00
-3.288524178858344360e+00
-3.297490043030429252e+00
-3.306497630571634705e+00
-3.296276857703541285e+00
-3.286118530982049091e+00
-3.277572033784077465e+00
-3.284986926488992598e+00
-3.289830052129926408e+00
-3.283729275643747503e+00
-3.282320284213847028e+00
-3.280922509657616448e+00
-3.286178240909090498e+00
-3.287079882855195478e+00
-3.278799261799134612e+00
-3.270565402797061427e+00
-3.276703576982018973e+00
-3.283390346700857609e+00
-3.277491784199170421e+00
-3.271586235396084952e+00
-3.279498548957066717e+00
-3.287543385340962576e+00
-3.276521542790106878e+00
-3.265708351397048403e+00
-3.271808828426183258e+00
-3.278373066172581396e+00
-3.273335548551576490e+00
-3.268482336076202976e+00
-3.282576021647273912e+00
-3.289229216182950388e+00
-3.277809624941545596e+00
-3.266460702762394419e+00
-3.276959813173474512e+00
-3.287009213434692878e+00
-3.276895296523608891e+00
-3.266849891601480760e+00
-3.272715552435230713e+00
-3.278689399847845465e+00
-3.271158468840217548e+00
-3.265665603073820478e+00
-3.275131892783864185e+00
-3.285439387539092593e+00
-3.277094299225604246e+00
-3.268218896402281359e+00
-3.276089120594327220e+00
-3.286235831863311141e+00
-3.277364224290557182e+00
-3.269072613385643589e+00
-3.277411340562236486e+00
-3.285299514428739354e+00
-3.275395196464767178e+00
-3.266329626647022089e+00
-3.274499657116273443e+00
-3.283521280853995972e+00
-3.276016405248159291e+00
-3.268605952126545144e+00
-3.278025131210751120e+00
-3.287527368476127254e+00
-3.276974244254010848e+00
-3.266490527926873000e+00
-3.273665565204973760e+00
-3.281653773873488333e+00
-3.273155581472940057e+00
-3.265179280408690321e+00
-3.274954807354200526e+00
-3.284813412137719268e+00
-3.275623263472649871e+00
-3.266496769879358997e+00
-3.275053140130435914e+00
-3.284340523285401936e+00
-3.276697823944502375e+00
-3.268513055833371261e+00
-3.277823085472173492e+00
-3.287217240652015704e+00
-3.276491606401569001e+00
-3.265832817342845473e+00
-3.272875525101849981e+00
-3.280687221481817240e+00
-3.272308113956057252e+00
-3.264753967461763828e+00
-3.275054891963410597e+00
-3.283314905287725516e+00
-3.273765818294551710e+00
-3.264289194549299111e+00
-3.273664900192642779e+00
-3.283788791250983774e+00
-3.277287226871372194e+00
-3.270207623054752322e+00
-3.280709390052667374e+00
-3.285946485139083162e+00
-3.272146474294883589e+00
-3.263100069174608375e+00
-3.271889260505094654e+00
-3.280752340358739971e+00
-3.274191703321323033e+00
-3.267765198154803929e+00
-3.280469335004883025e+00
-3.287152019935400293e+00
-3.274835706050032158e+00
-3.262597679785732119e+00
-3.272514208912697953e+00
-3.282486679626546167e+00
-3.273756660290813691e+00
-3.265698476585520815e+00
-3.273435130879191135e+00
-3.281284183074785865e+00
-3.273577700618427233e+00
-3.266023408601089528e+00
-3.274984246599541571e+00
-3.284046301978837068e+00
-3.274190036517360625e+00
-3.264426960677851319e+00
-3.272076408664982505e+00
-3.282617000168426280e+00
-3.275565406140878100e+00
-3.268031807531619481e+00
-3.275751896592318690e+00
-3.283590809718264669e+00
-3.272591201465698152e+00
-3.261683154775301130e+00
-3.268451527785001254e+00
-3.280254194054946559e+00
-3.275288059801791718e+00
-3.269913864869908426e+00
-3.277606176322101827e+00
-3.285469182993558501e+00
-3.276706070575780227e+00
-3.268062067753473965e+00
-3.277639048965613089e+00
-3.287759918511602653e+00
-3.279272610243161967e+00
-3.270330843862149894e+00
-3.279561289746034891e+00
-3.288883101703989009e+00
-3.280515913572170650e+00
-3.272243512166142843e+00
-3.282330637913706273e+00
-3.291936387515475015e+00
-3.283304496207048562e+00
-3.274776172534241692e+00
-3.281160602260688286e+00
-3.288324962872178236e+00
-3.277491946857721938e+00
-3.266746263575848630e+00
-3.275163488082369234e+00
-3.283651363929383837e+00
-3.275236896758448424e+00
-3.266901309207907556e+00
-3.274935589991754714e+00
-3.283059186755610259e+00
-3.273546807013721249e+00
-3.265537294361382514e+00
-3.275369004939348461e+00
-3.285279676972473695e+00
-3.276777029674823538e+00
-3.268360694411217793e+00
-3.276979708485526110e+00
-3.285916675167876999e+00
-3.277057259737389483e+00
-3.267689132575707589e+00
-3.276255787940529629e+00
-3.284894410705472279e+00
-3.276614284749618466e+00
-3.266824032227952923e+00
-3.274758702523576037e+00
-3.282806901357026241e+00
-3.274369066359251956e+00
-3.266054927299917310e+00
-3.276011740670314865e+00
-3.284464184340346371e+00
-3.275140385978291047e+00
-3.265293744816728960e+00
-3.272770725096354472e+00
-3.280346832656452882e+00
-3.272713628045419210e+00
-3.266392104974133570e+00
-3.275701398639411011e+00
-3.284484576499794084e+00
-3.274968435198607697e+00
-3.265544177522642588e+00
-3.273454095773386197e+00
-3.281462096293334074e+00
-3.272346839569642452e+00
-3.263318146789945029e+00
-3.271041379472957367e+00
-3.278914228127523867e+00
-3.269337138452192537e+00
-3.260498616433953334e+00
-3.269165010740383348e+00
-3.281435619146067406e+00
-3.274861758308260207e+00
-3.268420858265359996e+00
-3.275554249322485401e+00
-3.282829663664239117e+00
-3.274488203581777057e+00
-3.265710215982233766e+00
-3.275124400348659925e+00
-3.284622978294353679e+00
-3.277574250291658053e+00
-3.267787501659175309e+00
-3.273993536176750485e+00
-3.280315178163595746e+00
-3.272757346303310388e+00
-3.265329504288512652e+00
