-1.255472615829165051e+01
-5.803175969627155872e+00
-3.876704884395469897e+00
-2.793673602171859560e+00
-2.084958149093356639e+00
-1.582461048787600078e+00
-1.209382223159263692e+00
-9.243249412736345150e-01
-7.021949962700628767e-01
-5.265522075173403316e-01
-3.860597020462646078e-01
-2.726184096617987329e-01
-1.802908552162638678e-01
-1.046300438969800517e-01
-4.225352065290444159e-02
9.450875053596430320e-03
5.252352548373906416e-02
8.857569927277797461e-02
1.188878444238876675e-01
1.444905655097752373e-01
1.662134223059870131e-01
1.847316302911323760e-01
2.005957511935729798e-01
2.142575574470964028e-01
2.260871210302699552e-01
2.363915184842717565e-01
2.454239723265625450e-01
2.533936170156292356e-01
2.604756465663982112e-01
2.668152880892784573e-01
2.725327169722122633e-01
2.777295044823455683e-01
2.824891936389155589e-01
2.868825035041719929e-01
2.909680772854539299e-01
2.947952290108992734e-01
2.984045607772252140e-01
3.018312959021840491e-01
3.051042286007787929e-01
3.082474875193641495e-01
3.112812032548406549e-01
3.142227471890595147e-01
3.170860938337809465e-01
3.198831781530113716e-01
3.226245567284951044e-01
3.253177553318407078e-01
3.279704907130533975e-01
3.305889901308725065e-01
3.331777823913091297e-01
3.357406104763178689e-01
3.382816311454335256e-01
3.408039886480556113e-01
3.433094300392234288e-01
3.458005551026088753e-01
3.482791215611809044e-01
3.507463578733633902e-01
3.532038720904755458e-01
3.556521962389411762e-01
3.580924740024387098e-01
3.605260284098954493e-01
3.629524689771015389e-01
3.653734317071259952e-01
3.677875746375725008e-01
3.701965416854986479e-01
3.726007201872167940e-01
3.749998226856350314e-01
3.773944993086488786e-01
3.797852549024436364e-01
3.821711171661972273e-01
3.845529534722675891e-01
3.869307630281690891e-01
3.893045822844278803e-01
3.916748022959408715e-01
3.940411173585562921e-01
3.964039346391197149e-01
3.987633803379928565e-01
4.011191471327473224e-01
4.034716311077990447e-01
4.058201122186355647e-01
4.081653010016585981e-01
4.105073127954654844e-01
4.128459108396604904e-01
4.151808191285559779e-01
4.175120975153152614e-01
4.198397408094338701e-01
4.221646950236350726e-01
4.244858965877873480e-01
4.268041719992523575e-01
4.291191912516651996e-01
4.314309429931295625e-01
4.337398505295841922e-01
4.360448077216352303e-01
4.383468634216569626e-01
4.406455641940647538e-01
4.429411240481497813e-01
4.452333534587866737e-01
4.475223064297710884e-01
4.498082523357482820e-01
4.520911453501996746e-01
4.543709587995548027e-01
4.566475872072706110e-01
4.589207004640378784e-01
4.611907109752935163e-01
4.634581876357333208e-01
4.657220225804010738e-01
4.679828465744653165e-01
4.702408058253992884e-01
4.724956712920467261e-01
4.747472194689366098e-01
4.769956652298601441e-01
4.792412204372547002e-01
4.814833931214073104e-01
4.837224851266048731e-01
4.859587754100154200e-01
4.881920542838953381e-01
4.904218707337815175e-01
4.926493260810875796e-01
4.948734408366370907e-01
4.970943597620696153e-01
4.993122855468703492e-01
5.015269188830160374e-01
5.037391054396844758e-01
5.059480971115877246e-01
5.081544297712676794e-01
5.103578999418378892e-01
5.125579262426609439e-01
5.147553587720934409e-01
5.169492876761054845e-01
5.191408102791368329e-01
5.213291011506209216e-01
5.235147812639007192e-01
5.256976659062022605e-01
5.278773793663384950e-01
5.300545531678952926e-01
5.322285670588930984e-01
5.343997550208809955e-01
5.365683818801167959e-01
5.387337657284509973e-01
5.408961136433609873e-01
5.430558352310832504e-01
5.452131111459146418e-01
5.473671742398571460e-01
5.495182154992539481e-01
5.516668274765823554e-01
5.538125304809051741e-01
5.559554418608141368e-01
5.580954586176947174e-01
5.602328986059066374e-01
5.623673569907836622e-01
5.644995636876593004e-01
5.666286221887930630e-01
5.687550057044110652e-01
5.708784341350638947e-01
5.729994306477905752e-01
5.751179071060015247e-01
5.772331750118233629e-01
5.793459731577401683e-01
5.814560729700346542e-01
5.835632396252106169e-01
5.856678719270851374e-01
5.877699423533111478e-01
5.898694196545251067e-01
5.919663014125751133e-01
5.940604845594945616e-01
5.961522024305843104e-01
5.982407868861829847e-01
6.003270152188968645e-01
6.024106341087120953e-01
6.044914313388569660e-01
6.065703580931973704e-01
6.086457028083644971e-01
6.107189023222177049e-01
6.127895747261984383e-01
6.148570368704380229e-01
6.169221048570019406e-01
6.189846859489684938e-01
6.210450795451469830e-01
6.231026033500812744e-01
6.251574314336063587e-01
6.272101811551147321e-01
6.292605130558173165e-01
6.313079349531838247e-01
6.333529960164132611e-01
6.353955083588984643e-01
6.374355832649456488e-01
6.394734045358978491e-01
6.415084214102582116e-01
6.435408106322588750e-01
6.455709116507755141e-01
6.475984972625981051e-01
6.496234389446260415e-01
6.516458840050423085e-01
6.536661991792285242e-01
6.556838546716674543e-01
6.576988250379729450e-01
6.597113758642523251e-01
6.617221816019336345e-01
6.637305444274916866e-01
6.657362380113380773e-01
6.677388712248784053e-01
6.697396456487476613e-01
6.717383146844038144e-01
6.737347634910055838e-01
6.757286605831831494e-01
6.777194984529568700e-01
6.797087959265857293e-01
6.816953641539060804e-01
6.836795645104496444e-01
6.856608490120126298e-01
6.876402036804534212e-01
6.896172885597788849e-01
6.915919162203665316e-01
6.935645648548094400e-01
6.955346807750104610e-01
6.975031136091995876e-01
6.994684027146620409e-01
7.014312893831968765e-01
7.033927930843280052e-01
7.053511393233837801e-01
7.073076493108936269e-01
7.092615073708752327e-01
7.112131253826996513e-01
7.131621103129921480e-01
7.151094390041410342e-01
7.170544216895118339e-01
7.189973323949718775e-01
7.209379699798024177e-01
7.228763178528496702e-01
7.248123209704786518e-01
7.267458796912307228e-01
7.286775112168415447e-01
7.306070429814717215e-01
7.325345683931256957e-01
7.344597548624820504e-01
7.363829105946471110e-01
7.383033713349518301e-01
7.402217029176281216e-01
7.421378503640023716e-01
7.440525499955188415e-01
7.459644821168103235e-01
7.478741036593787861e-01
7.497819008282338160e-01
7.516873190294668383e-01
7.535905279223431563e-01
7.554919862866236180e-01
7.573907643177202331e-01
7.592878892364374188e-01
7.611824948263627988e-01
7.630752772257531902e-01
7.649660842671379690e-01
7.668548561206738334e-01
7.687412477291646340e-01
7.706253117598054203e-01
7.725074161240463866e-01
7.743879811945473257e-01
7.762658389586518659e-01
7.781418786349814098e-01
7.800160208128090744e-01
7.818881461330362548e-01
7.837580228498723933e-01
7.856261891094074024e-01
7.874921506226764123e-01
7.893559836284822495e-01
7.912179283478510960e-01
7.930781076334749713e-01
7.949359670849180937e-01
7.967917369881685197e-01
7.986454220717376096e-01
8.004972356518580412e-01
8.023471962727799500e-01
8.041952174453919078e-01
8.060410910729460809e-01
8.078848891797116849e-01
8.097268427118953227e-01
8.115665495256139117e-01
8.134040019783621567e-01
8.152399659087801176e-01
8.170737355592789797e-01
8.189055686158197567e-01
8.207358643909286045e-01
8.225638181714272079e-01
8.243898123311392823e-01
8.262138669599008445e-01
8.280364200130296837e-01
8.298565792089185322e-01
8.316749906493150490e-01
8.334919898936750116e-01
8.353065773865910870e-01
8.371195023945636748e-01
8.389303907617078337e-01
8.407395593446471693e-01
8.425465876893376560e-01
8.443519538421635495e-01
8.461554491270422140e-01
8.479572814438722794e-01
8.497570553479714128e-01
8.515550856277260827e-01
8.533511243216405084e-01
8.551451623325259099e-01
8.569376847001870523e-01
8.587280655917921557e-01
8.605162352335229414e-01
8.623028608028024955e-01
8.640876878257572891e-01
8.658705385439673385e-01
8.676521223184439080e-01
8.694314272674770194e-01
8.712094022183638486e-01
8.729855987640040560e-01
8.747595507956078542e-01
8.765317650708728259e-01
8.783025870884295649e-01
8.800712997110879954e-01
8.818382681250698241e-01
8.836035276399645255e-01
8.853668626681061582e-01
8.871281497649796677e-01
8.888882729060396670e-01
8.906465133786687360e-01
8.924030931768487385e-01
8.941580136457725203e-01
8.959108424963440065e-01
8.976617228438215079e-01
8.994108303299177543e-01
9.011584493731117362e-01
9.029047610054381501e-01
9.046489565631934404e-01
9.063915929549395400e-01
9.081324433049213773e-01
9.098718534281671211e-01
9.116096957252701749e-01
9.133456348921087375e-01
9.150799066345389754e-01
9.168121409453147130e-01
9.185430228893332050e-01
9.202719833838028940e-01
9.219994463559118003e-01
9.237257910655842785e-01
9.254499055734362045e-01
9.271724791429960533e-01
9.288933342166467710e-01
9.306125703006520311e-01
9.323299652534160487e-01
9.340457990625563589e-01
9.357601089823437412e-01
9.374727284187760468e-01
9.391839256681158155e-01
9.408929945254684846e-01
9.426005449532217639e-01
9.443065001164931971e-01
9.460111273325200187e-01
9.477141474778658647e-01
9.494152192343503494e-01
9.511149204253608325e-01
9.528131581678698225e-01
9.545097294158209067e-01
9.562048142586223598e-01
9.578980056421593225e-01
9.595899548557791370e-01
9.612803460720327209e-01
9.629688425277866948e-01
9.646556278982489907e-01
9.663414004135080226e-01
9.680254291170982128e-01
9.697076278945777617e-01
9.713882455682356643e-01
9.730675909652162225e-01
9.747453380512154375e-01
9.764216997962194000e-01
9.780964197793409198e-01
9.797692372471082933e-01
9.814406198449510121e-01
9.831111060055723883e-01
9.847797517693401836e-01
9.864466493774286526e-01
9.881121505914820524e-01
9.897765089173344855e-01
9.914391698535527375e-01
9.931003144365400104e-01
9.947601550962357209e-01
9.964181978148833885e-01
9.980754260654167709e-01
9.997309041125603812e-01
1.001384430330217512e+00
1.003036727322434540e+00
1.004687859168150954e+00
1.006337209241301434e+00
1.007985088160762377e+00
1.009631930514475862e+00
1.011277183900705534e+00
1.012920649382790028e+00
1.014563376848981680e+00
1.016204256325182520e+00
1.017843810674408545e+00
1.019481913531384176e+00
1.021118405208656821e+00
1.022753507890461933e+00
1.024386899387550010e+00
1.026019623434484274e+00
1.027650481404981164e+00
1.029279785789028345e+00
1.030907856649756038e+00
1.032534491268897181e+00
1.034159897819487917e+00
1.035783520721545337e+00
1.037406459425993521e+00
1.039027453459528072e+00
1.040647079787590190e+00
1.042265761914868083e+00
1.043882535938237766e+00
1.045498322913717804e+00
1.047112446167997035e+00
1.048725011743120827e+00
1.050336396849051557e+00
1.051946748017943190e+00
1.053555527649249868e+00
1.055163281199927638e+00
1.056769168294984684e+00
1.058373725656956310e+00
1.059977005998010036e+00
1.061579034647641251e+00
1.063179541892608881e+00
1.064779145547244177e+00
1.066377452530000269e+00
1.067974464029576076e+00
1.069569953828779063e+00
1.071163769641862551e+00
1.072756441840955866e+00
1.074348332864771383e+00
1.075938532225949373e+00
1.077527760122895639e+00
1.079115796627633905e+00
1.080701902024686856e+00
1.082287641070494466e+00
1.083871187285444293e+00
1.085453893941555670e+00
1.087034996193255942e+00
1.088615051835015723e+00
1.090193914299193434e+00
1.091771463590164970e+00
1.093347930879740026e+00
1.094923053875256347e+00
1.096496867563014899e+00
1.098069246808779376e+00
1.099640695220724940e+00
1.101210565090394944e+00
1.102779272212468520e+00
1.104347013609936923e+00
1.105913205165182323e+00
1.107478402604713086e+00
1.109042701036867307e+00
1.110605386350025814e+00
1.112167025235295537e+00
1.113726905337985240e+00
1.115285793493597133e+00
1.116843705117946950e+00
1.118400604227117068e+00
1.119956230070890513e+00
1.121510809011627696e+00
1.123064022036215803e+00
1.124615908220634175e+00
1.126166675751250068e+00
1.127716298492967173e+00
1.129264975920834413e+00
1.130812095292605957e+00
1.132357961522543643e+00
1.133902876169805563e+00
1.135446567721223321e+00
1.136988954493797443e+00
1.138529987303281921e+00
1.140070220492912068e+00
1.141609394342471884e+00
1.143147762726965055e+00
1.144684138930859962e+00
1.146219946782724541e+00
1.147754294894183680e+00
1.149287539452907847e+00
1.150819773160952852e+00
1.152350841192358200e+00
1.153880791348853574e+00
1.155409504292850276e+00
1.156937433584559471e+00
1.158463799443086639e+00
1.159989124453743692e+00
1.161513481377430601e+00
1.163036483171383750e+00
1.164558766341251328e+00
1.166079922451839668e+00
1.167599969664923076e+00
1.169118824300434678e+00
1.170636812129106197e+00
1.172153590354639174e+00
1.173669109321744397e+00
1.175183402892961304e+00
1.176697164168174048e+00
1.178209461533628044e+00
1.179720959770503175e+00
1.181231107296385474e+00
1.182739939391181938e+00
1.184247568511779036e+00
