-5.919001231893202153e+00
-6.922907317482997591e+00
-6.651116133926118223e+00
-6.338181006923197636e+00
-6.096731508329561677e+00
-5.917863636083089851e+00
-5.783293485563515191e+00
-5.679806299359969834e+00
-5.598653940502112292e+00
-5.533976001252931987e+00
-5.481727523860493001e+00
-5.439034097829877901e+00
-5.403799052518047930e+00
-5.374457142705805879e+00
-5.349819751118057631e+00
-5.328970040855076640e+00
-5.311191119771045521e+00
-5.295915730742941641e+00
-5.282692839808382779e+00
-5.271157908475641918e+00
-5.261017815489713811e+00
-5.252032669305190637e+00
-5.244006167179090738e+00
-5.236777483038163261e+00
-5.230214998610410504e+00
-5.224207753362297701e+00
-5.218665857203120595e+00
-5.213514060766545555e+00
-5.208688756056085722e+00
-5.204137422701212934e+00
-5.199817749799236388e+00
-5.195692050875710954e+00
-5.191730586270469239e+00
-5.187907392935770190e+00
-5.184201215831763854e+00
-5.180594113467970274e+00
-5.177072036314017467e+00
-5.173621463829788603e+00
-5.170232318449391684e+00
-5.166895413331734410e+00
-5.163603785995891648e+00
-5.160350704536940114e+00
-5.157131360445596613e+00
-5.153941433962364371e+00
-5.150776763771734323e+00
-5.147634611278158800e+00
-5.144512656992024091e+00
-5.141408219812771740e+00
-5.138319499978753591e+00
-5.135245379296625501e+00
-5.132184297602184309e+00
-5.129134903338050222e+00
-5.126096550823589837e+00
-5.123068883253507622e+00
-5.120050542993661580e+00
-5.117041320047809982e+00
-5.114040461954448169e+00
-5.111047444799142525e+00
-5.108062770453211776e+00
-5.105085273492891318e+00
-5.102115379521430683e+00
-5.099152002187693711e+00
-5.096196542868096202e+00
-5.093247637997150079e+00
-5.090305255942279672e+00
-5.087369363858354809e+00
-5.084439664214107424e+00
-5.081516441656209970e+00
-5.078600192685763126e+00
-5.075689526225536596e+00
-5.072785053431337232e+00
-5.069886926836035812e+00
-5.066995169138419186e+00
-5.064109472120610356e+00
-5.061229782348921624e+00
-5.058355751234699937e+00
-5.055487869591412498e+00
-5.052625489174814355e+00
-5.049769451042913637e+00
-5.046919274863975069e+00
-5.044075002386235518e+00
-5.041236342576511653e+00
-5.038403568346685901e+00
-5.035576966981232694e+00
-5.032756251694230798e+00
-5.029940866348651340e+00
-5.027131530804226145e+00
-5.024327939877887950e+00
-5.021529860094013031e+00
-5.018737511279393715e+00
-5.015950750194038577e+00
-5.013169837972156095e+00
-5.010394433867415565e+00
-5.007625079845848148e+00
-5.004860743921645927e+00
-5.002102366885968543e+00
-4.999349662230361702e+00
-4.996602164079184227e+00
-4.993860647616012116e+00
-4.991124311846538042e+00
-4.988393673408426210e+00
-4.985668651344544955e+00
-4.982949274327206801e+00
-4.980235111010993698e+00
-4.977526584426289702e+00
-4.974823561307297304e+00
-4.972125663021015995e+00
-4.969433575974961492e+00
-4.966747134460147706e+00
-4.964065991068013162e+00
-4.961389932488804888e+00
-4.958719545376716553e+00
-4.956054927221047457e+00
-4.953394995216725327e+00
-4.950740789792411611e+00
-4.948091449537241004e+00
-4.945447217466572454e+00
-4.942809018398442333e+00
-4.940175511788071461e+00
-4.937547564922269316e+00
-4.934924967638643523e+00
-4.932307533800307731e+00
-4.929695455821091699e+00
-4.927088305958756465e+00
-4.924486674067540370e+00
-4.921890184785246980e+00
-4.919298524606113610e+00
-4.916712668370159633e+00
-4.914131387537482354e+00
-4.911555918203032611e+00
-4.908985467961029414e+00
-4.906419876583720807e+00
-4.903859392168637754e+00
-4.901304210744479306e+00
-4.898754180975085859e+00
-4.896208857450639051e+00
-4.893668633344863572e+00
-4.891133468815223040e+00
-4.888603367654606124e+00
-4.886078496081343481e+00
-4.883558069545347102e+00
-4.881043222764507306e+00
-4.878533280049824228e+00
-4.876028169048267635e+00
-4.873527920861940643e+00
-4.871032751444740683e+00
-4.868542515968611539e+00
-4.866057425488769184e+00
-4.863577111745736481e+00
-4.861101745407736985e+00
-4.858631162196317632e+00
-4.856165319106878542e+00
-4.853704468223100754e+00
-4.851248539102821056e+00
-4.848796913551647769e+00
-4.846350565190524762e+00
-4.843909231111398483e+00
-4.841472706943317661e+00
-4.839040924403590793e+00
-4.836613840188205060e+00
-4.834191723904776694e+00
-4.831774163616199935e+00
-4.829361391521361568e+00
-4.826953259431982168e+00
-4.824549750944104431e+00
-4.822151057913901973e+00
-4.819756685665832485e+00
-4.817367564611964248e+00
-4.814982670463187731e+00
-4.812602487910551119e+00
-4.810227185119720694e+00
-4.807856492866421583e+00
-4.805490354278073362e+00
-4.803129020469151911e+00
-4.800772254025848618e+00
-4.798420050956020866e+00
-4.796072245240818432e+00
-4.793729443684116021e+00
-4.791391045641256063e+00
-4.789056855128375645e+00
-4.786727403723212149e+00
-4.784402664645362790e+00
-4.782082163060794144e+00
-4.779766269769166520e+00
-4.777454535437819949e+00
-4.775147382000140439e+00
-4.772844528374002415e+00
-4.770546449243830089e+00
-4.768252842480171338e+00
-4.765963721325350733e+00
-4.763679243387638707e+00
-4.761398789542114152e+00
-4.759122557242132068e+00
-4.756850994935660992e+00
-4.754583899437970551e+00
-4.752321451217844661e+00
-4.750062793067223232e+00
-4.747808527595045902e+00
-4.745558798112873511e+00
-4.743313608979805807e+00
-4.741072640372324010e+00
-4.738835882189366799e+00
-4.736603518193550855e+00
-4.734375194935180886e+00
-4.732151607715274544e+00
-4.729931981896922544e+00
-4.727716884032612477e+00
-4.725505936026872966e+00
-4.723299288312892585e+00
-4.721096859405505164e+00
-4.718898585150425262e+00
-4.716704671142143646e+00
-4.714515026477099191e+00
-4.712329205699918866e+00
-4.710147502265576769e+00
-4.707969946977503817e+00
-4.705797204962545166e+00
-4.703628088239915961e+00
-4.701463235935495533e+00
-4.699302683990130625e+00
-4.697145963949507674e+00
-4.694993676661976423e+00
-4.692845442977460202e+00
-4.690701399866034293e+00
-4.688561073775146859e+00
-4.686425257621277041e+00
-4.684293395521417658e+00
-4.682165701703265626e+00
-4.680041935813647136e+00
-4.677922407435480601e+00
-4.675806434512595366e+00
-4.673694563272868585e+00
-4.671586706246555920e+00
-4.669482915522610966e+00
-4.667383316430026241e+00
-4.665287790034020610e+00
-4.663196184569470049e+00
-4.661108164989371083e+00
-4.659024306739082633e+00
-4.656944561439338770e+00
-4.654868493525338380e+00
-4.652796259432260939e+00
-4.650728150646316728e+00
-4.648664257610644057e+00
-4.646603806046544882e+00
-4.644547457154815540e+00
-4.642494892284224406e+00
-4.640446205596423290e+00
-4.638401594634355085e+00
-4.636360822089787170e+00
-4.634323614374692646e+00
-4.632290283243080786e+00
-4.630261071260755479e+00
-4.628235695705990693e+00
-4.626213947452520792e+00
-4.624196276281105078e+00
-4.622182155399951142e+00
-4.620171805037077917e+00
-4.618165148091205374e+00
-4.616162469708866567e+00
-4.614163415131683266e+00
-4.612168387655525947e+00
-4.610176963672642181e+00
-4.608189563606763350e+00
-4.606205163004322145e+00
-4.604224889849737323e+00
-4.602248266987297498e+00
-4.600275484776249257e+00
-4.598306244746510174e+00
-4.596340732389402106e+00
-4.594378694172537081e+00
-4.592420697227789894e+00
-4.590466414123052452e+00
-4.588515573495076438e+00
-4.586568392762147894e+00
-4.584625386098170274e+00
-4.582685320760566228e+00
-4.580748836540763591e+00
-4.578816560337765296e+00
-4.576887404901377465e+00
-4.574962159459272648e+00
-4.573040420676416140e+00
-4.571122293983302498e+00
-4.569207475776113192e+00
-4.567296961330471028e+00
-4.565389776489572782e+00
-4.563485510679700319e+00
-4.561585276557270419e+00
-4.559688210664106123e+00
-4.557795236350466794e+00
-4.555905196048578354e+00
-4.554019033820823736e+00
-4.552136377006058332e+00
-4.550257004488412527e+00
-4.548380901613166216e+00
-4.546508542038274037e+00
-4.544639532006984339e+00
-4.542774023545975481e+00
-4.540912306780353624e+00
-4.539053843168935565e+00
-4.537198645483815795e+00
-4.535347169559619473e+00
-4.533499123272119569e+00
-4.531654280416166358e+00
-4.529813002853616766e+00
-4.527975244310474601e+00
-4.526141056113256234e+00
-4.524309740360476617e+00
-4.522482359129341489e+00
-4.520658663269931488e+00
-4.518837821280837552e+00
-4.517020209094294358e+00
-4.515206102135000066e+00
-4.513395196621083905e+00
-4.511587600490972960e+00
-4.509783381525367396e+00
-4.507982474346000856e+00
-4.506184896626903580e+00
-4.504390920479283800e+00
-4.502600088748341278e+00
-4.500812523689296185e+00
-4.499028415198917941e+00
-4.497247579650030858e+00
-4.495469876988234859e+00
-4.493695439700408301e+00
-4.491924028242218370e+00
-4.490156384976996762e+00
-4.488391589500658085e+00
-4.486630221064625168e+00
-4.484871961075472591e+00
-4.483116838674983562e+00
-4.481365103231590652e+00
-4.479616554015779073e+00
-4.477871476488945568e+00
-4.476129372327568134e+00
-4.474390634772581699e+00
-4.472654768223476296e+00
-4.470922202539186152e+00
-4.469192834644762691e+00
-4.467466497435777839e+00
-4.465743317034861271e+00
-4.464023494227115307e+00
-4.462306913413032206e+00
-4.460593394527147204e+00
-4.458883097895256498e+00
-4.457175758281272770e+00
-4.455471629054293281e+00
-4.453770856568967318e+00
-4.452072831643969941e+00
-4.450378280485635329e+00
-4.448686573484550877e+00
-4.446997915928879053e+00
-4.445312557784202312e+00
-4.443630228733447929e+00
-4.441951035728468611e+00
-4.440274697505637747e+00
-4.438601522271843791e+00
-4.436931500965408226e+00
-4.435264237671566967e+00
-4.433600142969523539e+00
-4.431939235309033442e+00
-4.430281377391548148e+00
-4.428626345194500935e+00
-4.426974320785259209e+00
-4.425325601138216491e+00
-4.423679800449910715e+00
-4.422036848587472591e+00
-4.420396919818553094e+00
-4.418759946830883578e+00
-4.417126007634508689e+00
-4.415495105630716566e+00
-4.413867186790237263e+00
-4.412242085149858717e+00
-4.410619932964114476e+00
-4.409000895447459101e+00
-4.407384499684036783e+00
-4.405771177395227056e+00
-4.404161038332886413e+00
-4.402553673897596553e+00
-4.400949354571685568e+00
-4.399347950671918639e+00
-4.397748969807911301e+00
-4.396153178356772884e+00
-4.394560495015805479e+00
-4.392970647023137332e+00
-4.391383528804208680e+00
-4.389799267508157854e+00
-4.388217951655133398e+00
-4.386639399803901718e+00
-4.385063739647488745e+00
-4.383491111041845301e+00
-4.381920916821534284e+00
-4.380353862361833883e+00
-4.378789571853417328e+00
-4.377228322043177577e+00
-4.375669893261228793e+00
-4.374114197366167467e+00
-4.372561452422648820e+00
-4.371011196324846360e+00
-4.369463785892285124e+00
-4.367919257729507621e+00
-4.366377435893690873e+00
-4.364838593701095171e+00
-4.363302419368634055e+00
-4.361769360425641118e+00
-4.360238456066301005e+00
-4.358710826955269901e+00
-4.357185859756062207e+00
-4.355663311192309095e+00
-4.354143726595596675e+00
-4.352627191655424888e+00
-4.351113354100395902e+00
-4.349602244143799368e+00
-4.348093956537036675e+00
-4.346588070672098958e+00
-4.345084844519496059e+00
-4.343584448844409529e+00
-4.342086764321059000e+00
-4.340591791385868703e+00
-4.339099570707834808e+00
-4.337609945066194683e+00
-4.336123182430886125e+00
-4.334639100154188185e+00
-4.333157529794671170e+00
-4.331678553918656860e+00
-4.330202121443093688e+00
-4.328728682583113496e+00
-4.327258138862116077e+00
-4.325789646245167042e+00
-4.324323990408085017e+00
-4.322860959436241046e+00
-4.321400548313471646e+00
-4.319942905088384855e+00
-4.318487826033155841e+00
-4.317035690997377273e+00
-4.315585829587048394e+00
-4.314138721980390834e+00
-4.312694099779256440e+00
-4.311251992240001663e+00
-4.309812544132626044e+00
-4.308375635353936417e+00
-4.306941460365307783e+00
-4.305509673104410240e+00
-4.304080825202621696e+00
-4.302654304332701685e+00
-4.301230430087520595e+00
-4.299808975293376356e+00
-4.298390027986517481e+00
-4.296973993773397282e+00
-4.295560252015320657e+00
-4.294148805438823935e+00
-4.292740367759050990e+00
-4.291334230428270224e+00
-4.289930555121364009e+00
-4.288529417415899658e+00
-4.287130874485973742e+00
-4.285734694510459519e+00
-4.284340988550254359e+00
-4.282949899266483840e+00
-4.281561137215103230e+00
-4.280175214465712585e+00
-4.278791518334394972e+00
-4.277410304578919131e+00
-4.276031581691398742e+00
-4.274655566840194432e+00
-4.273282393794108458e+00
-4.271911174665711464e+00
-4.270542533020720732e+00
-4.269176434470762338e+00
-4.267812721904492790e+00
-4.266451172208466147e+00
-4.265092258143372561e+00
-4.263735785497400066e+00
-4.262381861135511762e+00
-4.261030055252859938e+00
-4.259680782513767028e+00
-4.258334093775826723e+00
-4.256989842959203685e+00
-4.255647941923496269e+00
-4.254308534763298510e+00
-4.252971501829048151e+00
-4.251636816006318931e+00
-4.250304375645190369e+00
-4.248974312685753318e+00
-4.247647096710326586e+00
-4.246322175112112518e+00
-4.244999076571668084e+00
-4.243678901689846406e+00
-4.242360677601615393e+00
-4.241045047537885360e+00
-4.239731785279841070e+00
-4.238420681776656984e+00
-4.237112132406590348e+00
-4.235806128789584513e+00
-4.234502116115868020e+00
-4.233200534448536168e+00
-4.231901591351927117e+00
-4.230604701801443213e+00
-4.229310500180726962e+00
-4.228018538912207802e+00
