-4.214273787283052464e+00
-4.219377649591014467e+00
-4.224531685889965971e+00
-4.229736417589625930e+00
-4.234992372962392615e+00
-4.240300087361148940e+00
-4.245660103277557162e+00
-4.251072970442575816e+00
-4.256539245997397636e+00
-4.262059494556196704e+00
-4.267634288389425379e+00
-4.273264207401697767e+00
-4.278949839430953972e+00
-4.284691780355523782e+00
-4.290490633999344716e+00
-4.296347012525481013e+00
-4.302261536507796968e+00
-4.308234834890353859e+00
-4.314267545336525345e+00
-4.320360314382472033e+00
-4.326513797290842511e+00
-4.332728658490070828e+00
-4.339005571729704691e+00
-4.345345219975741635e+00
-4.351748295697426272e+00
-4.358215501104118594e+00
-4.364747548278859135e+00
-4.371345159223018584e+00
-4.378009066091697932e+00
-4.277041889723260049e+00
-4.193740223969434133e+00
-4.222589230356333267e+00
-4.253457393704116463e+00
-4.286485018340280284e+00
-4.321825241293520747e+00
-4.359645422388259917e+00
-4.274797018477227262e+00
-4.202975217935792429e+00
-4.228212008440214831e+00
-4.254961589031864833e+00
-4.283314357158667818e+00
-4.313367799816576031e+00
-4.345227150868697485e+00
-4.379006117622577854e+00
-4.283254512613687837e+00
-4.203661576076647144e+00
-4.231404835495184535e+00
-4.261003290902850793e+00
-4.292580222180761851e+00
-4.326269683707354652e+00
-4.362217619442913197e+00
-4.281656268416858424e+00
-4.213010776569087845e+00
-4.237263958945209907e+00
-4.262907626953484908e+00
-4.281495715807928981e+00
-4.302247822934391230e+00
-4.325200885078243296e+00
-4.350404753228013455e+00
-4.260534218391025085e+00
-4.185470858829985374e+00
-4.213166429016642844e+00
-4.242602856426595181e+00
-4.273889548149350404e+00
-4.307144996338404752e+00
-4.342497674590518386e+00
-4.267218337807404005e+00
-4.202880311123711188e+00
-4.227492777302071403e+00
-4.253426701384448450e+00
-4.274357779725066919e+00
-4.296978980768325407e+00
-4.321351868344428304e+00
-4.347545269075405727e+00
-4.232061855260837113e+00
-4.132904467205634091e+00
-4.196830891069144975e+00
-4.265996553674805902e+00
-4.341024122133001484e+00
-4.230860530422238419e+00
-4.133168411211512350e+00
-4.199253700060268990e+00
-4.270866633553834113e+00
-4.357275148789215180e+00
-4.251382720381104541e+00
-4.150438859825122506e+00
-4.219020545627125252e+00
-4.293502375562725071e+00
-4.374640297937521183e+00
-4.255712615053712788e+00
-4.151009669818885861e+00
-4.222072204894338654e+00
-4.293869079831331703e+00
-4.317735602455980981e+00
-4.230983408659917622e+00
-4.153474740653942732e+00
-4.212693604981807560e+00
-4.275413828503642932e+00
-4.292152996866892778e+00
-4.310510073575576584e+00
-4.232311129492873469e+00
-4.162922723443180040e+00
-4.228122033128701496e+00
-4.302005681612220300e+00
-4.319466022511427639e+00
-4.331436132212229673e+00
-4.344836918014992833e+00
-4.224315225772552473e+00
-4.126581878901761868e+00
-4.189736303864355804e+00
-4.301092919769747169e+00
-4.251679384840301168e+00
-4.186599912489509023e+00
-4.177744154123391951e+00
-4.177193995178106967e+00
-4.221970793156607726e+00
-4.285806179991825005e+00
-4.234123102176476472e+00
-4.199051087757784906e+00
-4.226804406558661853e+00
-4.270427301214716032e+00
-4.219654904426563213e+00
-4.183406539938233415e+00
-4.117640739716051712e+00
-4.146991896538402500e+00
-4.274763078607692002e+00
-4.250088256135620135e+00
-4.240456760724511831e+00
-4.240487621528465922e+00
-4.230936340528984374e+00
-4.277154796299496020e+00
-4.328340551109675083e+00
-4.326724994338664310e+00
-4.216576361936069439e+00
-4.181608068513149590e+00
-4.249452096427666525e+00
-4.239367735715143581e+00
-4.231729871024950462e+00
-4.262245421614302643e+00
-4.312971831532664169e+00
-4.281643042030838231e+00
-4.202030860804417678e+00
-4.203327098517667615e+00
-4.253625335254324291e+00
-4.308423093005639082e+00
-4.275652305079701065e+00
-4.247062754788062833e+00
-4.299490649490929961e+00
-4.354467938913559877e+00
-4.224161376342309815e+00
-4.114186129161580219e+00
-4.199164013472430845e+00
-4.293265028650107951e+00
-4.303702588438548027e+00
-4.194346896955837956e+00
-4.171297618885898117e+00
-4.157350039631270811e+00
-4.213065827459994139e+00
-4.288375523769304642e+00
-4.241963406090711430e+00
-4.208655741547449480e+00
-4.143449299108633355e+00
-4.175692684028751600e+00
-4.268606794845136498e+00
-4.277699532625024226e+00
-4.217538603016498300e+00
-4.157588351924809800e+00
-4.173262517844584352e+00
-4.191983477693434601e+00
-4.227331461294943082e+00
-4.279092875402003671e+00
-4.232983232288107800e+00
-4.187598376141569823e+00
-4.204033030044904251e+00
-4.228653706653106248e+00
-4.258217832215479781e+00
-4.297827391412523568e+00
-4.248235648009887733e+00
-4.203534914027993175e+00
-4.163234770562163511e+00
-4.232965890437552225e+00
-4.309608818209275327e+00
-4.253322089283199325e+00
-4.199650594722552199e+00
-4.186492483238737350e+00
-4.179405309894975495e+00
-4.173599324703986646e+00
-4.216783671736473060e+00
-4.268453962369168408e+00
-4.244897797987949417e+00
-4.222495514335447453e+00
-4.200073927681415853e+00
-4.179091253670119244e+00
-4.147636243810775447e+00
-4.133686108457844455e+00
-4.194904670397067825e+00
-4.262734522778029778e+00
-4.341200589504654594e+00
-4.240172600548588022e+00
-4.151219556069784211e+00
-4.189583287850838111e+00
-4.238189533351365057e+00
-4.253924764393643976e+00
-4.271829657602208563e+00
-4.204469275499373104e+00
-4.176833713148759841e+00
-4.154319804291142226e+00
-4.202425139764365269e+00
-4.255729008794227219e+00
-4.303623180487303301e+00
-4.235231751417163792e+00
-4.180433290795312118e+00
-4.138333534916989187e+00
-4.190895579668440618e+00
-4.247216667522285327e+00
-4.308880458692124549e+00
-4.245006815570472547e+00
-4.187667912196533671e+00
-4.137170171777351690e+00
-4.187728159590569987e+00
-4.245872227110605301e+00
-4.225952365845659919e+00
-4.213794415227918755e+00
-4.192410386907415187e+00
-4.155027307773884182e+00
-4.129140635238260693e+00
-4.202291373701039667e+00
-4.291899804446678957e+00
-4.220838642788372397e+00
-4.177156245377418031e+00
-4.156116432494524560e+00
-4.210532584250813670e+00
-4.269938781804391681e+00
-4.302381528733387306e+00
-4.234072640959427147e+00
-4.203288005485283918e+00
-4.175169275000164326e+00
-4.231314202922480838e+00
-4.275442743670059720e+00
-4.325705390952668594e+00
-4.246289871870535748e+00
-4.178204807975399504e+00
-4.207603342032083305e+00
-4.238732796281320603e+00
-4.290247526080650076e+00
-4.258375186602906481e+00
-4.253758123443978079e+00
-4.217024599097782378e+00
-4.183001543193045180e+00
-4.167917461918708710e+00
-4.233908913416897235e+00
-4.270031926736937322e+00
-4.314663174524388189e+00
-4.236560770988730518e+00
-4.173902543676594412e+00
-4.217157905360473968e+00
-4.269246755819674277e+00
-4.329385195611215487e+00
-4.275443922462845769e+00
-4.191435432982629550e+00
-4.192366166692020890e+00
-4.248967332603844405e+00
-4.308523094955202026e+00
-4.306284569969452747e+00
-4.306253405501670350e+00
-4.227167692545904742e+00
-4.165846483127027433e+00
-4.196658810034531228e+00
-4.245852701620760783e+00
-4.308326591257326754e+00
-4.256743723121401146e+00
-4.170226397711226163e+00
-4.167401073047025228e+00
-4.235577193288067477e+00
-4.306331117776950990e+00
-4.305171886787327651e+00
-4.305867723702495375e+00
-4.243548723909317921e+00
-4.196646388425036456e+00
-4.228442983182279846e+00
-4.269250760223716412e+00
-4.335984712689484155e+00
-4.283059927062477179e+00
-4.195078258065440657e+00
-4.110733100190486766e+00
-4.200358332570282016e+00
-4.314501180676391101e+00
-4.224702454811176011e+00
-4.142802980901896248e+00
-4.140861034949375963e+00
-4.229602181091501656e+00
-4.273310678292306264e+00
-4.327067256015610930e+00
-4.245448691357426974e+00
-4.183743536222462645e+00
-4.231781414393688934e+00
-4.293231772084005193e+00
-4.339307150353803877e+00
-4.267096228207825526e+00
-4.165067817992242460e+00
-4.151588275470989409e+00
-4.222360368580574175e+00
-4.306105172414932625e+00
-4.305791443384001660e+00
-4.207191144084357681e+00
-4.175153265760254584e+00
-4.151986635101821754e+00
-4.215512010902171980e+00
-4.298939324273729490e+00
-4.243663411826986476e+00
-4.200462110107642921e+00
-4.140598588821529979e+00
-4.178981016006948934e+00
-4.270831970588351290e+00
-4.265162106358518557e+00
-4.207550134718847090e+00
-4.147092928373485421e+00
-4.147041247586336965e+00
-4.229368702749233044e+00
-4.267433212159659206e+00
-4.310209438230529599e+00
-4.233263625633671978e+00
-4.174377603928207670e+00
-4.208567895317972152e+00
-4.252390117867362207e+00
-4.310076422131361440e+00
-4.258511600123029872e+00
-4.178985732760074789e+00
-4.103395121990176975e+00
-4.210479064267468985e+00
-4.334420222687908719e+00
-4.246477004318737869e+00
-4.155993696621948175e+00
-4.141310120783638027e+00
-4.224202710575414521e+00
-4.261963615413839612e+00
-4.210277386521663168e+00
-4.193410819853836458e+00
-4.189539309225780883e+00
-4.157797658235302229e+00
-4.121230604244717100e+00
-4.215340740875610059e+00
-4.323182219548495908e+00
-4.236918841703771754e+00
-4.158186815766325317e+00
-4.151655761409595691e+00
-4.230485154154594696e+00
-4.262914629491834972e+00
-4.303908147774362369e+00
-4.222664255343296702e+00
-4.160516469333614076e+00
-4.196590175069503381e+00
-4.245430898314677570e+00
-4.228911488985320766e+00
-4.218632863638815067e+00
-4.165818616448913048e+00
-4.116716037850394194e+00
-4.202640544917886523e+00
-4.300559240074116829e+00
-4.214558169603803250e+00
-4.139623382373191163e+00
-4.145678015464935307e+00
-4.154914714808192855e+00
-4.206449673536043043e+00
-4.273626940711610089e+00
-4.239820014444023677e+00
-4.214590822871714160e+00
-4.162854985377623329e+00
-4.192958315024776894e+00
-4.261938084696702767e+00
-4.337420998768815927e+00
-4.219895229318058938e+00
-4.114393081635364879e+00
-4.193089130453746982e+00
-4.285650820860013255e+00
-4.306495436415846534e+00
-4.221209154572147959e+00
-4.182374038039479380e+00
-4.154211860353036023e+00
-4.213118346385146040e+00
-4.285125509771443575e+00
-4.230008252702775806e+00
-4.190151237448083599e+00
-4.128171268197459831e+00
-4.166176654250219435e+00
-4.260307199724592486e+00
-4.260238333334630312e+00
-4.206590580569151250e+00
-4.155338667634016936e+00
-4.169255242040316389e+00
-4.253930116259452276e+00
-4.279047100114925506e+00
-4.310327704005512572e+00
-4.245102169111119039e+00
-4.194052629979778679e+00
-4.218122902733034252e+00
-4.252584415929026029e+00
-4.298519679935410842e+00
-4.245276250259299999e+00
-4.163236895978404739e+00
-4.087098496508515311e+00
-4.202346543116377120e+00
-4.332052918025649291e+00
-4.235511935935100780e+00
-4.149283663455961779e+00
-4.215166854715282518e+00
-4.288055508132407212e+00
-4.305110044251162726e+00
-4.209946344917450567e+00
-4.180633447437251959e+00
-4.157943125375973992e+00
-4.206715908263642945e+00
-4.265931239396683949e+00
-4.332318379983457035e+00
-4.266099842167378142e+00
-4.187452367647107820e+00
-4.189332388585945921e+00
-4.242631954915323966e+00
-4.300011838560529931e+00
-4.303640511462418772e+00
-4.207429166701627032e+00
-4.178641110174028839e+00
-4.156600718205726963e+00
-4.206009483190059406e+00
-4.266184330629069876e+00
-4.334750223846769224e+00
-4.270605261552415044e+00
-4.193236353870331001e+00
-4.193564097280231273e+00
-4.248117187655616966e+00
-4.306768267923811067e+00
-4.299539854145693063e+00
-4.294149623408974215e+00
-4.215710853429771809e+00
-4.161625444863318535e+00
-4.209739961896816318e+00
-4.267899527853268538e+00
-4.315616605387742943e+00
-4.264901567588416320e+00
-4.184538835959917158e+00
-4.110376175504491414e+00
-4.205794951606607768e+00
-4.316674655237028979e+00
-4.214920500633740907e+00
-4.121349933404180099e+00
-4.108430786433420856e+00
-4.202838724260486991e+00
-4.255992035836380083e+00
-4.319650614987160075e+00
-4.224240968905607296e+00
-4.155107162688552513e+00
-4.193519201549409381e+00
-4.249458356700481332e+00
-4.208503872854014283e+00
-4.195796803802285702e+00
-4.148723405324077795e+00
-4.192167370609551469e+00
-4.244547510847755056e+00
-4.302466539418502656e+00
-4.218897901827065589e+00
-4.142279738947562961e+00
-4.153529583124589308e+00
-4.248615554614529444e+00
-4.274501634882446943e+00
-4.309151173631105003e+00
-4.241257504109407606e+00
-4.192375629069007736e+00
-4.230137993140425046e+00
-4.276434014048187571e+00
-4.245648031734273076e+00
-4.226688343481306731e+00
-4.161160688025661081e+00
-4.173405045201145747e+00
-4.250308902008802292e+00
-4.246522977962042589e+00
-4.205855842389160770e+00
-4.168748842483675610e+00
-4.194004889796559610e+00
-4.222347738935441797e+00
-4.186597775530040977e+00
-4.133895743557052249e+00
-4.231709600252561820e+00
-4.333285706774051782e+00
-4.243902039676422433e+00
-4.162029304778465999e+00
-4.158110019152237768e+00
-4.237409005846132004e+00
-4.265745029972395130e+00
-4.302057314480832950e+00
-4.250342425081887754e+00
-4.213551468143161394e+00
-4.241826527519992673e+00
-4.260636596811291810e+00
-4.313013047237046038e+00
-4.257336181670122066e+00
-4.193516448278757913e+00
-4.135523591413092781e+00
-4.222974437576818119e+00
-4.299834560674529627e+00
-4.292245867020487715e+00
