-3.276742177429417424e+00
-3.275752342917145121e+00
-3.274768232140012891e+00
-3.273789854291405899e+00
-3.272817218717485765e+00
-3.271850335140221500e+00
-3.270889213481823710e+00
-3.269933863918265793e+00
-3.268984296978846515e+00
-3.268040523284357679e+00
-3.267102553925538722e+00
-3.266170400011507269e+00
-3.265244073146917003e+00
-3.264323585178733111e+00
-3.263408948077971328e+00
-3.262500174226162564e+00
-3.261597276327576900e+00
-3.260700267258602292e+00
-3.259809160473887246e+00
-3.258923969454161185e+00
-3.258044707980423116e+00
-3.257171390285077628e+00
-3.256304031075019978e+00
-3.255442645099861920e+00
-3.254587247493234248e+00
-3.253737853727497242e+00
-3.252894479779836256e+00
-3.252057141735343215e+00
-3.251225856328715302e+00
-3.256210578617165119e+00
-3.261437261914293728e+00
-3.259007564617893760e+00
-3.256606658453229386e+00
-3.254238294460211733e+00
-3.251906650789075037e+00
-3.249616381071325666e+00
-3.253910392498661430e+00
-3.258382648198951959e+00
-3.256200759464369376e+00
-3.254041713779334266e+00
-3.251907927053877323e+00
-3.249802051142624659e+00
-3.247726996985787373e+00
-3.245685959452695002e+00
-3.250435141241182713e+00
-3.255405684054365700e+00
-3.253035073757449602e+00
-3.250691260624522183e+00
-3.248377544229795522e+00
-3.246097583413680265e+00
-3.243855434921644409e+00
-3.247974894385523115e+00
-3.252256605522612531e+00
-3.250193423212091481e+00
-3.248151611472783529e+00
-3.261895618128545227e+00
-3.276036537524074532e+00
-3.290581115650296429e+00
-3.305536443055987927e+00
-3.303651331135161406e+00
-3.302056059492597839e+00
-3.293518518797148964e+00
-3.285091993855184800e+00
-3.276778881107420105e+00
-3.268581883698755242e+00
-3.260504042770323796e+00
-3.258606979097975032e+00
-3.256942363362667070e+00
-3.249289192288247197e+00
-3.241738659143647006e+00
-3.259587441167739907e+00
-3.278100535240810132e+00
-3.297289184716623467e+00
-3.317165087552073288e+00
-3.361219013294695745e+00
-3.407846291673483297e+00
-3.368657986399190118e+00
-3.329945031442323788e+00
-3.291727237264957751e+00
-3.295696129695571575e+00
-3.300120892085303570e+00
-3.279406080251523026e+00
-3.258902120255632084e+00
-3.286415122247472453e+00
-3.335351638399136398e+00
-3.322828013451377238e+00
-3.300797845508988804e+00
-3.279297284330451312e+00
-3.258342654047987175e+00
-3.244810440418866460e+00
-3.231933859087583016e+00
-3.213689436102570074e+00
-3.227080595228662308e+00
-3.255126033658266582e+00
-3.290472443397483460e+00
-3.326431530168108885e+00
-3.353957641288040303e+00
-3.382533043197337719e+00
-3.369443236640454309e+00
-3.356519197964297430e+00
-3.347900663890407635e+00
-3.339551832703901546e+00
-3.353524868697818739e+00
-3.415486286208137656e+00
-3.459743480998231480e+00
-3.433835171018256194e+00
-3.408745068971374081e+00
-3.346101392049406265e+00
-3.285254979732332714e+00
-3.241891860855698138e+00
-3.269905436745039307e+00
-3.292797054985781902e+00
-3.263964922554129178e+00
-3.288993186098429167e+00
-3.318473876271838652e+00
-3.272598483895074573e+00
-3.231156230057578682e+00
-3.263836916089317253e+00
-3.299644338300006918e+00
-3.268639307082438883e+00
-3.240861065687532516e+00
-3.282402880347815355e+00
-3.327288744061683623e+00
-3.291663114159044223e+00
-3.242207742811165527e+00
-3.223102392942652550e+00
-3.286419980331224178e+00
-3.354084458034733540e+00
-3.287208562553812108e+00
-3.216337400212363473e+00
-3.260574601905753322e+00
-3.309808658254448588e+00
-3.254869463916881589e+00
-3.217704483129751658e+00
-3.290181852196144785e+00
-3.354230461638281202e+00
-3.285203834904195652e+00
-3.219251994520688331e+00
-3.186417877794836429e+00
-3.244705136067190132e+00
-3.349279427411531618e+00
-3.281257084651938438e+00
-3.209145863180999481e+00
-3.274840981423353448e+00
-3.353323945415527696e+00
-3.236241254610038087e+00
-3.128705821101986917e+00
-3.229772404223202997e+00
-3.338670898857754032e+00
-3.272750769234947121e+00
-3.217420922265628036e+00
-3.265210808501737283e+00
-3.328727315663849495e+00
-3.188284535946432019e+00
-3.066849584562680864e+00
-3.182227182597360926e+00
-3.305921503932915506e+00
-3.215342960586094367e+00
-3.132588075530892358e+00
-3.228266265364894139e+00
-3.335453929581883692e+00
-3.251455249123170965e+00
-3.168224092860999708e+00
-3.254654526852515772e+00
-3.356757625211548302e+00
-3.267960845005216886e+00
-3.218094072280150097e+00
-3.352353992370787683e+00
-3.496449701848447500e+00
-3.340383731545080614e+00
-3.195557822773002155e+00
-3.240186889937276327e+00
-3.244733093264804857e+00
-3.212282641111805503e+00
-3.157514611925715364e+00
-3.147195768532760507e+00
-3.178963910944317295e+00
-3.191023583828095145e+00
-3.203868306793303589e+00
-3.217495897227074408e+00
-3.254129847182916535e+00
-3.292131686984551386e+00
-3.282866958104163846e+00
-3.274554846010381493e+00
-3.294639310553521216e+00
-3.317937785821556407e+00
-3.342140494780784454e+00
-3.306990517982095756e+00
-3.272771034721677630e+00
-3.245660997129767189e+00
-3.219585347031123757e+00
-3.251094109550130895e+00
-3.285766375911234771e+00
-3.256651748398669000e+00
-3.218153595022143154e+00
-3.186937529196019803e+00
-3.209661037382588678e+00
-3.236468332208330523e+00
-3.239625236407617237e+00
-3.245354112050311102e+00
-3.267764032137436381e+00
-3.283048538726402121e+00
-3.221981659144017129e+00
-3.162971020458902771e+00
-3.124453035621781449e+00
-3.165372525787663260e+00
-3.208720063717308779e+00
-3.211388311440209087e+00
-3.216230069169406125e+00
-3.202309777584889883e+00
-3.183776968155106690e+00
-3.132888866387570914e+00
-3.165491690077639753e+00
-3.204605490727370221e+00
-3.172041813194398596e+00
-3.212117279714979734e+00
-3.263032269564472454e+00
-3.250029770922420624e+00
-3.238329512834420054e+00
-3.213565139708998153e+00
-3.190044315734509528e+00
-3.224223001084820517e+00
-3.328572304769736423e+00
-3.364835748500697665e+00
-3.282550269468983650e+00
-3.231847925368369179e+00
-3.234308562402528953e+00
-3.310216887089044047e+00
-3.262833169982838122e+00
-3.234851309726817448e+00
-3.293899185389046913e+00
-3.357446050106768443e+00
-3.423801673357697695e+00
-3.419284941799266342e+00
-3.422209092970727173e+00
-3.487050464094961555e+00
-3.470381356389814265e+00
-3.449501974797212434e+00
-3.372800346865655108e+00
-3.300008157570093914e+00
-3.323022973281731574e+00
-3.347564964514714081e+00
-3.347772221709517382e+00
-3.349617239095679544e+00
-3.392502585254681957e+00
-3.421210539635391790e+00
-3.408444750694305192e+00
-3.345641335385411530e+00
-3.286675846113944921e+00
-3.330308983530414491e+00
-3.384943031338342845e+00
-3.265419366855569994e+00
-3.153218831634446939e+00
-3.274241159584551752e+00
-3.405606279511760093e+00
-3.365668141847080630e+00
-3.328733017976155395e+00
-3.383728208238025559e+00
-3.448329816827562233e+00
-3.353685197389486561e+00
-3.313499332295562816e+00
-3.427112556247214226e+00
-3.547447361425797308e+00
-3.391234563254720058e+00
-3.247853261927103663e+00
-3.254522554138457924e+00
-3.263804516109591880e+00
-3.191930330412716899e+00
-3.176323162721379045e+00
-3.238782138630680763e+00
-3.324015635287891346e+00
-3.241558297232709496e+00
-3.157211978247719486e+00
-3.252985890409110681e+00
-3.353544439247930775e+00
-3.291219745010207642e+00
-3.233062556892281947e+00
-3.300889679664225529e+00
-3.376660436833694767e+00
-3.288034079204829041e+00
-3.205815105255239494e+00
-3.292694029214111584e+00
-3.381229988529489194e+00
-3.337264032867182983e+00
-3.250898053922077757e+00
-3.287556449084659160e+00
-3.336999304244464337e+00
-3.233148860899035526e+00
-3.134972335490978423e+00
-3.240121403295074032e+00
-3.345162839809209032e+00
-3.276210251269619178e+00
-3.211068492103972272e+00
-3.270962655625254456e+00
-3.339668639556027774e+00
-3.276294910932503690e+00
-3.224623338164301689e+00
-3.280415230511806168e+00
-3.352634836748607405e+00
-3.256432512772817756e+00
-3.160623639393940643e+00
-3.240889382990690848e+00
-3.330874226674002347e+00
-3.267710710921135409e+00
-3.215721264097932242e+00
-3.293565533752996100e+00
-3.378602009416445728e+00
-3.297717924433566594e+00
-3.223654364752680745e+00
-3.293610028989172100e+00
-3.370960495728627215e+00
-3.289888424689200619e+00
-3.207811904889618315e+00
-3.285106119611166164e+00
-3.373173969319965160e+00
-3.317217496044137182e+00
-3.231569897677259551e+00
-3.275740390914033018e+00
-3.323092185599180404e+00
-3.210724233341874623e+00
-3.126558246150226594e+00
-3.245958980531555849e+00
-3.372667630869224276e+00
-3.316686395817648680e+00
-3.264811146475901538e+00
-3.327161529488696701e+00
-3.402108943242637906e+00
-3.300678448316932023e+00
-3.243756452146890457e+00
-3.314456615029532927e+00
-3.389283821656273954e+00
-3.352521531239440300e+00
-3.234819918006565764e+00
-3.241467750723180163e+00
-3.311383552338611036e+00
-3.225409311286823844e+00
-3.156719899548405373e+00
-3.241010725396049175e+00
-3.347413913187381240e+00
-3.325414529153733589e+00
-3.225768682406766175e+00
-3.251934352925629490e+00
-3.294627007612561886e+00
-3.254901451199126328e+00
-3.237844603880396299e+00
-3.323786476566676917e+00
-3.413494064260260696e+00
-3.319173424276431472e+00
-3.230790374768410800e+00
-3.306760505876786382e+00
-3.389084510861470001e+00
-3.307414129530728442e+00
-3.234764791086794933e+00
-3.296331797803297547e+00
-3.367480491157698097e+00
-3.269061383550498689e+00
-3.176761044772360876e+00
-3.253492480167011536e+00
-3.335016396096260660e+00
-3.294750741824210127e+00
-3.212440222197245010e+00
-3.261878756246712197e+00
-3.323060016904502589e+00
-3.249073674264117972e+00
-3.187690793737620876e+00
-3.294046271152597516e+00
-3.406886419608697203e+00
-3.298564963651147153e+00
-3.190802568704448117e+00
-3.236889733441602246e+00
-3.286619997553255512e+00
-3.219443922754201992e+00
-3.159461233261720903e+00
-3.252043248440145806e+00
-3.312961738349147200e+00
-3.233660637447122621e+00
-3.164805732564348162e+00
-3.251914820021229779e+00
-3.344093438168162624e+00
-3.295752566511926496e+00
-3.242430597235505196e+00
-3.331168002971879982e+00
-3.368768320366258617e+00
-3.247098833921483241e+00
-3.125849373374113060e+00
-3.235870540149768715e+00
-3.361357176091263721e+00
-3.330100106286742800e+00
-3.301320892459973066e+00
-3.368400601627739022e+00
-3.434341301828841786e+00
-3.339432748287912922e+00
-3.298502617165528061e+00
-3.382159777692045566e+00
-3.472527949902295408e+00
-3.347413989184605310e+00
-3.229823171812084226e+00
-3.282300573820264855e+00
-3.350110010893342150e+00
-3.283396122990405619e+00
-3.224929178163032262e+00
-3.282929033877616476e+00
-3.350317907835631548e+00
-3.276831489965653876e+00
-3.210191079084572241e+00
-3.283034009891500293e+00
-3.361831738080163223e+00
-3.288219441827408662e+00
-3.227344009153397586e+00
-3.294413097487980835e+00
-3.368465138252613844e+00
-3.289381031989454751e+00
-3.217574706379560556e+00
-3.288664613353788013e+00
-3.373461859778949190e+00
-3.308925684541709433e+00
-3.240966229754008943e+00
-3.305814986078976947e+00
-3.376565766287536796e+00
-3.298049021384700463e+00
-3.231848091493620512e+00
-3.286248734877128541e+00
-3.348762768639071297e+00
-3.275271210466123240e+00
-3.210375019272754482e+00
-3.296664349290590046e+00
-3.396640760848915086e+00
-3.346178140963399272e+00
-3.278083744644838760e+00
-3.296386094041753090e+00
-3.328187683290188215e+00
-3.235994351944399661e+00
-3.153543290372444741e+00
-3.235920181846089427e+00
-3.339645646822534175e+00
-3.270836345924293731e+00
-3.207301134497392958e+00
-3.277216026682551409e+00
-3.358639082820176647e+00
-3.288087315647161279e+00
-3.223721950738899000e+00
-3.283511091847765240e+00
-3.349856781241907999e+00
-3.265824927249677323e+00
-3.187919315992027158e+00
-3.252554528190043204e+00
-3.327648392053116133e+00
-3.252222372286678098e+00
-3.184239331696756992e+00
-3.258412144262389010e+00
-3.340477360995375733e+00
-3.257961956905944145e+00
-3.182522984279420264e+00
-3.256211746644888105e+00
-3.339772314487868154e+00
-3.266377242558990535e+00
-3.193668983293651120e+00
-3.261603941639096949e+00
-3.335847897563689379e+00
-3.267266277942809438e+00
-3.205317143075643749e+00
-3.282725289014988501e+00
-3.360270552128357124e+00
-3.285494607919362320e+00
-3.217760267833650101e+00
-3.276718016793132016e+00
-3.343864596756136010e+00
-3.263548294043829401e+00
-3.197608718761365321e+00
-3.275579795788352566e+00
-3.360423577912506232e+00
-3.294719874798546666e+00
-3.219250732965508011e+00
-3.281642296296978678e+00
-3.353622475845059014e+00
-3.283042344199758045e+00
-3.219315246837286093e+00
-3.293625097315926009e+00
-3.374270455984023087e+00
-3.304805755646814891e+00
-3.231207622837827476e+00
-3.287865855396748138e+00
-3.351422203737617345e+00
-3.282051476584005645e+00
-3.219152354533590721e+00
-3.294453748039835261e+00
-3.369616861539044272e+00
-3.292726184526382660e+00
-3.222607909426550066e+00
-3.294668494469057407e+00
-3.373418324806136681e+00
-3.296569334710532928e+00
-3.214213753338134083e+00
-3.267902941668428429e+00
-3.340775487594410897e+00
-3.275819002741493069e+00
-3.217926362465492129e+00
-3.293345723904418154e+00
-3.362706829065754466e+00
-3.281681614874264241e+00
