1.070136967481142065e+00
9.973647853386746753e-01
1.073283287086640225e+00
1.000491664521551805e+00
1.076382145920133704e+00
1.003598020000916469e+00
1.079435898444652597e+00
1.006684288946469996e+00
1.082457130069225171e+00
1.009745623136042436e+00
1.085456525989423326e+00
1.012779983872626355e+00
1.088437916145168938e+00
1.015789114953673522e+00
1.091400139382522561e+00
1.018775961927485429e+00
1.094341036368909448e+00
1.021742412230974395e+00
1.097259815141410133e+00
1.024688844734458648e+00
1.100157104526561902e+00
1.027614887163877722e+00
1.103033938858730689e+00
1.030520242956533661e+00
1.105890974285985706e+00
1.033404997066005304e+00
1.108728369108840095e+00
1.036269479213524525e+00
1.111546062237346977e+00
1.039114022603563559e+00
1.114344047459014053e+00
1.041938844544037845e+00
1.117122458154926834e+00
1.044744068057491537e+00
1.119881506892250078e+00
1.047529794846545181e+00
1.122621400540295244e+00
1.050296152046446219e+00
1.125342303426648094e+00
1.053043294765834581e+00
1.128044348547532882e+00
1.055771386607459617e+00
1.130727663352514067e+00
1.058480583638027550e+00
1.133392384430537358e+00
1.061171031150163646e+00
1.136038656907380373e+00
1.063842868627888461e+00
1.138666627232083339e+00
1.066496235079631649e+00
1.141276437952901901e+00
1.069131270853754145e+00
1.143868227066298981e+00
1.071748116583099542e+00
1.146442129944833965e+00
1.074346911552633621e+00
1.148998281124914866e+00
1.076927792949675222e+00
1.151536814795691699e+00
1.079490896055545157e+00
1.154057864359450791e+00
1.082036354749169149e+00
1.156561561881517264e+00
1.084564301814794129e+00
1.159048037884007121e+00
1.087074868955531626e+00
1.161517421452557652e+00
1.089568186672656092e+00
1.163969840423301871e+00
1.092044384177708771e+00
1.166405421486433225e+00
1.094503589391597087e+00
1.168824290189192538e+00
1.096945928994515151e+00
1.171226570900551600e+00
1.099371528474583304e+00
1.173612386792844298e+00
1.101780512151835811e+00
1.175981859853883593e+00
1.104173003183920088e+00
1.178335110914294548e+00
1.106549123569136928e+00
1.180672259672163715e+00
1.108908994155667571e+00
1.182993424708688845e+00
1.111252734656664964e+00
1.185298723497931306e+00
1.113580463666733245e+00
1.187588272416181479e+00
1.115892298676779637e+00
1.189862186753611883e+00
1.118188356086663005e+00
1.192120580727702883e+00
1.120468751216981973e+00
1.194363567496843359e+00
1.122733598321004722e+00
1.196591259173091171e+00
1.124983010596934063e+00
1.198803766834192652e+00
1.127217100200398114e+00
1.201001200535162683e+00
1.129435978256619455e+00
1.203183669319885851e+00
1.131639754872369785e+00
1.205351281232789562e+00
1.133828539147528014e+00
1.207504143330351720e+00
1.136002439186593493e+00
1.209642361692497614e+00
1.138161562109963665e+00
1.211766041433752328e+00
1.140306014065212370e+00
1.213875286714210633e+00
1.142435900238119917e+00
1.215970200750335461e+00
1.144551324863638087e+00
1.218050885825711305e+00
1.146652391236598234e+00
1.220117443301520277e+00
1.148739201722299041e+00
1.222169973627021067e+00
1.150811857767044089e+00
1.224208576349782307e+00
1.152870459908379885e+00
1.226233350125814248e+00
1.154915107785321249e+00
1.228244392729565426e+00
1.156945900148404149e+00
1.230241801063775453e+00
1.158962934869564698e+00
1.232225671169198566e+00
1.160966308951951520e+00
1.234196098234169092e+00
1.162956118539540729e+00
1.236153176604104509e+00
1.164932458926689396e+00
1.238096999790831543e+00
1.166895424567487405e+00
1.240027660481769489e+00
1.168845109085040246e+00
1.241945250549076896e+00
1.170781605280614368e+00
1.243849861058564876e+00
1.172705005142656631e+00
1.245741582278566018e+00
1.174615399855688969e+00
1.247620503688700699e+00
1.176512879809111345e+00
1.249486713988442688e+00
1.178397534605848396e+00
1.251340301105652753e+00
1.180269453070939445e+00
1.253181352204989940e+00
1.182128723259908920e+00
1.255009953696162972e+00
1.183975432467207600e+00
1.256826191242103485e+00
1.185809667234335452e+00
1.258630149767066442e+00
1.187631513358032187e+00
1.260421913464573329e+00
1.189441055898232902e+00
1.262201565805276759e+00
1.191238379186018159e+00
1.263969189544718708e+00
1.193023566831394655e+00
1.265724866730983944e+00
1.194796701731027477e+00
1.267468678712266428e+00
1.196557866075806276e+00
1.269200706144325785e+00
1.198307141358394112e+00
1.270921028997879620e+00
1.200044608380606448e+00
1.272629726565818187e+00
1.201770347260754601e+00
1.274326877470455477e+00
1.203484437440859978e+00
1.276012559670551383e+00
1.205186957693778593e+00
1.277686850468360058e+00
1.206877986130259650e+00
1.279349826516503974e+00
1.208557600205867333e+00
1.281001563824818890e+00
1.210225876727893946e+00
1.282642137767062263e+00
1.211882891862085643e+00
1.284271623087589909e+00
1.213528721139353284e+00
1.285890093907904763e+00
1.215163439462422001e+00
1.287497623733150576e+00
1.216787121112271830e+00
1.289094285458500355e+00
1.218399839754659819e+00
1.290680151375496632e+00
1.220001668446442089e+00
1.292255293178280917e+00
1.221592679641875456e+00
1.293819781969758109e+00
1.223172945198796491e+00
1.295373688267699608e+00
1.224742536384782365e+00
1.296917082010730748e+00
1.226301523883201794e+00
1.298450032564299361e+00
1.227849977799148284e+00
1.299972608726519319e+00
1.229387967665404036e+00
1.301484878733976780e+00
1.230915562448232858e+00
1.302986910267436960e+00
1.232432830553162884e+00
1.304478770457507153e+00
1.233939839830640706e+00
1.305960525890210722e+00
1.235436657581705955e+00
1.307432242612521112e+00
1.236923350563478463e+00
1.308893986137771748e+00
1.238399984994705161e+00
1.310345821451071480e+00
1.239866626561116236e+00
1.311787813014596571e+00
1.241323340420826593e+00
1.313220024772849825e+00
1.242770191209591424e+00
1.314642520157851768e+00
1.244207243046051126e+00
1.316055362094251668e+00
1.245634559536847430e+00
1.317458613004402590e+00
1.247052203781793267e+00
1.318852334813345628e+00
1.248460238378838127e+00
1.320236588953791923e+00
1.249858725429064510e+00
1.321611436370938364e+00
1.251247726541647509e+00
1.322976937527356345e+00
1.252627302838637213e+00
1.324333152407715097e+00
1.253997514959830806e+00
1.325680140523502137e+00
1.255358423067470142e+00
1.327017960917709960e+00
1.256710086850929775e+00
1.328346672169363307e+00
1.258052565531360800e+00
1.329666332398134587e+00
1.259385917866302718e+00
1.330976999268792316e+00
1.260710202154092574e+00
1.332278729995651556e+00
1.262025476238493038e+00
1.333571581346951307e+00
1.263331797512962096e+00
1.334855609649199248e+00
1.264629222925111263e+00
1.336130870791441438e+00
1.265917808980976611e+00
1.337397420229526901e+00
1.267197611749297792e+00
1.338655312990225887e+00
1.268468686865732664e+00
1.339904603675438510e+00
1.269731089537015301e+00
1.341145346466217525e+00
1.270984874545061372e+00
1.342377595126856615e+00
1.272230096251064868e+00
1.343601403008853890e+00
1.273466808599494682e+00
1.344816823054882038e+00
1.274695065122090964e+00
1.346023907802641473e+00
1.275914918941766230e+00
1.347222709388768092e+00
1.277126422776515779e+00
1.348413279552617361e+00
1.278329628943253304e+00
1.349595669640048845e+00
1.279524589361578091e+00
1.350769930607125691e+00
1.280711355557581532e+00
1.351936113023812336e+00
1.281889978667506647e+00
1.353094267077612711e+00
1.283060509441429575e+00
1.354244442577172247e+00
1.284222998246903336e+00
1.355386688955827923e+00
1.285377495072516973e+00
1.356521055275124121e+00
1.286524049531467373e+00
1.357647590228313161e+00
1.287662710865024263e+00
1.358766342143744588e+00
1.288793527946032080e+00
1.359877358988323293e+00
1.289916549282316138e+00
1.360980688370827307e+00
1.291031823020079905e+00
1.362076377545248462e+00
1.292139396947239893e+00
1.363164473414070654e+00
1.293239318496745227e+00
1.364245022531535678e+00
1.294331634749867010e+00
1.365318071106838893e+00
1.295416392439396436e+00
1.366383665007307346e+00
1.296493637952902844e+00
1.367441849761568129e+00
1.297563417335848346e+00
1.368492670562591940e+00
1.298625776294738632e+00
1.369536172270859886e+00
1.299680760200239593e+00
1.370572399417310017e+00
1.300728414090205565e+00
1.371601396206405532e+00
1.301768782672742431e+00
1.372623206519082650e+00
1.302801910329157931e+00
1.373637873915665608e+00
1.303827841116962816e+00
1.374645441638829180e+00
1.304846618772818712e+00
1.375645952616451950e+00
1.305858286715362748e+00
1.376639449464395648e+00
1.306862888048146321e+00
1.377625974489439464e+00
1.307860465562433738e+00
1.378605569691957466e+00
1.308851061740021082e+00
1.379578276768730349e+00
1.309834718755989558e+00
1.380544137115621739e+00
1.310811478481483716e+00
1.381503191830331101e+00
1.311781382486400194e+00
1.382455481714990331e+00
1.312744472042073118e+00
1.383401047278844498e+00
1.313700788123937979e+00
1.384339928740839998e+00
1.314650371414169072e+00
1.385272166032207597e+00
1.315593262304245004e+00
1.386197798799008840e+00
1.316529500897560379e+00
1.387116866404653592e+00
1.317459127011946229e+00
1.388029407932428683e+00
1.318382180182176899e+00
1.388935462187916192e+00
1.319298699662493135e+00
1.389835067701465032e+00
1.320208724429047020e+00
1.390728262730631659e+00
1.321112293182335584e+00
1.391615085262522422e+00
1.322009444349594220e+00
1.392495573016187427e+00
1.322900216087242953e+00
1.393369763444955556e+00
1.323784646283176158e+00
1.394237693738763273e+00
1.324662772559132451e+00
1.395099400826438796e+00
1.325534632273051461e+00
1.395954921377949631e+00
1.326400262521229667e+00
1.396804291806680975e+00
1.327259700140736243e+00
1.397647548271626405e+00
1.328112981711557783e+00
1.398484726679605217e+00
1.328960143558836515e+00
1.399315862687444012e+00
1.329801221755070983e+00
1.400140991704093230e+00
1.330636252122277208e+00
1.400960148892778534e+00
1.331465270234139853e+00
1.401773369173122008e+00
1.332288311418150961e+00
1.402580687223201616e+00
1.333105410757674969e+00
1.403382137481625769e+00
1.333916603094074782e+00
1.404177754149585011e+00
1.334721923028737489e+00
1.404967571192852205e+00
1.335521404925145816e+00
1.405751622343806240e+00
1.336315082910849217e+00
1.406529941103384918e+00
1.337102990879510678e+00
1.407302560743076025e+00
1.337885162492857605e+00
1.408069514306821146e+00
1.338661631182620937e+00
1.408830834612989191e+00
1.339432430152539100e+00
1.409586554256197610e+00
1.340197592380165004e+00
1.410336705609274599e+00
1.340957150618883098e+00
1.411081320825063212e+00
1.341711137399693721e+00
1.411820431838292089e+00
1.342459585033120906e+00
1.412554070367395997e+00
1.343202525611050913e+00
1.413282267916307955e+00
1.343939991008513246e+00
1.414005055776255126e+00
1.344672012885542278e+00
1.414722465027538068e+00
1.345398622688926515e+00
1.415434526541275329e+00
1.346119851653968524e+00
1.416141270981117639e+00
1.346835730806258180e+00
1.416842728804998508e+00
1.347546290963379745e+00
1.417538930266796449e+00
1.348251562736675124e+00
1.418229905418074033e+00
1.348951576532868124e+00
1.418915684109662845e+00
1.349646362555799950e+00
1.419596295993389656e+00
1.350335950808085883e+00
1.420271770523660937e+00
1.351020371092722216e+00
1.420942136959085778e+00
1.351699653014780234e+00
1.421607424364103922e+00
1.352373825982968292e+00
1.422267661610535638e+00
1.353042919211264516e+00
1.422922877379177775e+00
1.353706961720467117e+00
1.423573100161326987e+00
1.354365982339789998e+00
1.424218358260352035e+00
1.355020009708424844e+00
1.424858679793186145e+00
1.355669072277024600e+00
1.425494092691864223e+00
1.356313198309273771e+00
1.426124624704985910e+00
1.356952415883384333e+00
1.426750303399211939e+00
1.357586752893582105e+00
1.427371156160734955e+00
1.358216237051579789e+00
1.427987210196707490e+00
1.358840895888052680e+00
1.428598492536698128e+00
1.359460756754075295e+00
1.429205030034105706e+00
1.360075846822572210e+00
1.429806849367558197e+00
1.360686193089733598e+00
1.430403977042328911e+00
1.361291822376387906e+00
1.430996439391686081e+00
1.361892761329457358e+00
1.431584262578292854e+00
1.362489036423302657e+00
1.432167472595547109e+00
1.363080673961079459e+00
1.432746095268924602e+00
1.363667700076124367e+00
1.433320156257293254e+00
1.364250140733268779e+00
1.433889681054250076e+00
1.364828021730174701e+00
1.434454694989431012e+00
1.365401368698672124e+00
1.435015223229757719e+00
1.365970207106024681e+00
1.435571290780781384e+00
1.366534562256240593e+00
1.436122922487870657e+00
1.367094459291344988e+00
1.436670143037549696e+00
1.367649923192668204e+00
1.437212976958677890e+00
1.368200978782064370e+00
1.437751448623703965e+00
1.368747650723166842e+00
1.438285582249883232e+00
1.369289963522636544e+00
1.438815401900494839e+00
1.369827941531374993e+00
1.439340931486007946e+00
1.370361608945696252e+00
1.439862194765314740e+00
1.370890989808573046e+00
1.440379215346849762e+00
1.371416108010783397e+00
1.440892016689796495e+00
1.371936987292119881e+00
1.441400622105204476e+00
1.372453651242518502e+00
1.441905054757165461e+00
1.372966123303229535e+00
1.442405337663923204e+00
1.373474426767959722e+00
1.442901493698984350e+00
1.373978584783988266e+00
1.443393545592251082e+00
1.374478620353302372e+00
1.443881515931103365e+00
1.374974556333713904e+00
1.444365427161500071e+00
1.375466415439925427e+00
1.444845301589042563e+00
1.375954220244647752e+00
1.445321161380054953e+00
1.376437993179687513e+00
1.445793028562650573e+00
1.376917756536977677e+00
1.446260925027759381e+00
1.377393532469672888e+00
1.446724872530184447e+00
1.377865342993195297e+00
1.447184892689629354e+00
1.378333209986258190e+00
1.447641006991710722e+00
1.378797155191901380e+00
1.448093236788986715e+00
1.379257200218517498e+00
1.448541603301929381e+00
1.379713366540876063e+00
1.448986127619961373e+00
1.380165675501103362e+00
1.449426830702402302e+00
1.380614148309682987e+00
1.449863733379439967e+00
1.381058806046455478e+00
1.450296856353150865e+00
1.381499669661566010e+00
1.450726220198391703e+00
1.381936759976463147e+00
1.451151845363777948e+00
1.382370097684819443e+00
1.451573752172633736e+00
1.382799703353529086e+00
1.451991960823895145e+00
1.383225597423612063e+00
1.452406491393069876e+00
1.383647800211149193e+00
1.452817363833125430e+00
1.384066331908231806e+00
1.453224597975397714e+00
1.384481212583829723e+00
1.453628213530494317e+00
1.384892462184764694e+00
1.454028230089194906e+00
1.385300100536561274e+00
1.454424667123320525e+00
1.385704147344328785e+00
1.454817543986612449e+00
1.386104622193709446e+00
1.455206879915593277e+00
1.386501544551685061e+00
1.455592694030443557e+00
1.386894933767470528e+00
1.455975005335840899e+00
1.387284809073389580e+00
1.456353832721801744e+00
1.387671189585708342e+00
1.456729194964516916e+00
1.388054094305486874e+00
1.457101110727183180e+00
1.388433542119408504e+00
1.457469598560848123e+00
1.388809551800626707e+00
1.457834676905186200e+00
1.389182142009577126e+00
1.458196364089334507e+00
1.389551331294799574e+00
1.458554678332664833e+00
1.389917138093720528e+00
1.458909637745617438e+00
1.390279580733517539e+00
1.459261260330455334e+00
1.390638677431823789e+00
1.459609563982052327e+00
1.390994446297610265e+00
1.459954566488680161e+00
1.391346905331892092e+00
1.460296285532736826e+00
1.391696072428533881e+00
1.460634738691557688e+00
1.392041965375021562e+00
1.460969943438124474e+00
1.392384601853221993e+00
1.461301917141833107e+00
1.392723999440113047e+00
1.461630677069235551e+00
1.393060175608574536e+00
1.461956240384757688e+00
1.393393147728081427e+00
1.462278624151443829e+00
1.393722933065448366e+00
1.462597845331653934e+00
1.394049548785630366e+00
1.462913920787814792e+00
1.394373011952309449e+00
1.463226867283097032e+00
1.394693339528741971e+00
1.463536701482119007e+00
1.395010548378389892e+00
1.463843439951669989e+00
1.395324655265643532e+00
1.464147099161370313e+00
1.395635676856527452e+00
1.464447695484362821e+00
1.395943629719396561e+00
1.464745245198011858e+00
1.396248530325595594e+00
1.465039764484555196e+00
1.396550395050187632e+00
1.465331269431773276e+00
1.396849240172552520e+00
1.465619776033657784e+00
1.397145081877138040e+00
1.465905300191072014e+00
1.397437936254070090e+00
1.466187857712375031e+00
1.397727819299827701e+00
1.466467464314110680e+00
1.398014746917892737e+00
1.466744135621596445e+00
1.398298734919397379e+00
1.467017887169592250e+00
1.398579799023732306e+00
1.467288734402938388e+00
1.398857954859280994e+00
1.467556692677124186e+00
1.399133217963918430e+00
1.467821777258973004e+00
1.399405603785731866e+00
1.468084003327216891e+00
1.399675127683592590e+00
1.468343385973104764e+00
1.399941804927793187e+00
1.468599940201013032e+00
1.400205650700651283e+00
1.468853680929056660e+00
1.400466680097108396e+00
1.469104622989656050e+00
1.400724908125337009e+00
1.469352781130141228e+00
1.400980349707323658e+00
1.469598170013330707e+00
1.401233019679483771e+00
1.469840804218117025e+00
1.401482932793183256e+00
1.470080698240014083e+00
1.401730103715429721e+00
1.470317866491775760e+00
1.401974547029322782e+00
1.470552323303900177e+00
1.402216277234716646e+00
1.470784082925242542e+00
1.402455308748726370e+00
1.471013159523520075e+00
1.402691655906334711e+00
1.471239567185907759e+00
1.402925332960917260e+00
1.471463319919569912e+00
1.403156354084800883e+00
1.471684431652169112e+00
1.403384733369818171e+00
1.471902916232445957e+00
1.403610484827840565e+00
1.472118787430746867e+00
1.403833622391334357e+00
1.472332058939516575e+00
1.404054159913875166e+00
1.472542744373861900e+00
1.404272111170680182e+00
1.472750857272046243e+00
1.404487489859146843e+00
1.472956411096032703e+00
1.404700309599354435e+00
1.473159419231944600e+00
1.404910583934602997e+00
1.473359894990635244e+00
1.405118326331921352e+00
1.473557851608152891e+00
1.405323550182524084e+00
1.473753302246229913e+00
1.405526268802415712e+00
1.473946259992809704e+00
1.405726495432825018e+00
1.474136737862525859e+00
1.405924243240683325e+00
1.474324748797184448e+00
1.406119525319170727e+00
1.474510305666230092e+00
1.406312354688174837e+00
1.474693421267269544e+00
1.406502744294787499e+00
1.474874108326500455e+00
1.406690707013751318e+00
1.475052379499222299e+00
1.406876255647997898e+00
1.475228247370276691e+00
1.407059402929073055e+00
1.475401724454509900e+00
1.407240161517614219e+00
1.475572823197259797e+00
1.407418544003830263e+00
1.475741555974785513e+00
1.407594562907952929e+00
1.475907935094749712e+00
1.407768230680691346e+00
1.476071972796619836e+00
1.407939559703694332e+00
1.476233681252177909e+00
1.408108562290009358e+00
1.476393072565894471e+00
1.408275250684497548e+00
1.476550158775427279e+00
1.408439637064330618e+00
1.476704951852027436e+00
1.408601733539379230e+00
1.476857463700979478e+00
1.408761552152685503e+00
1.477007706162012157e+00
1.408919104880853812e+00
1.477155691009749860e+00
1.409074403634559491e+00
1.477301429954115397e+00
1.409227460258883902e+00
1.477444934640778085e+00
1.409378286533792046e+00
1.477586216651508355e+00
1.409526894174564227e+00
1.477725287504675133e+00
1.409673294832145096e+00
1.477862158655568692e+00
1.409817500093643483e+00
1.477996841496876490e+00
1.409959521482684774e+00
1.478129347359034451e+00
1.410099370459838575e+00
1.478259687510670828e+00
1.410237058423012391e+00
1.478387873158963917e+00
1.410372596707877513e+00
1.478513915450045069e+00
1.410505996588223399e+00
1.478637825469417688e+00
1.410637269276408201e+00
1.478759614242308285e+00
1.410766425923692280e+00
1.478879292734078366e+00
1.410893477620682956e+00
1.478996871850569939e+00
1.411018435397688897e+00
1.479112362438541162e+00
1.411141310225079160e+00
1.479225775285969213e+00
1.411262113013729280e+00
1.479337121122491716e+00
1.411380854615346792e+00
1.479446410619742247e+00
1.411497545822845368e+00
1.479553654391698059e+00
1.411612197370756494e+00
1.479658862995108182e+00
1.411724819935558095e+00
1.479762046929791852e+00
1.411835424136059114e+00
1.479863216639010659e+00
1.411944020533747901e+00
1.479962382509864227e+00
1.412050619633178350e+00
1.480059554873587313e+00
1.412155231882297857e+00
1.480154744005946377e+00
1.412257867672835232e+00
1.480247960127556883e+00
1.412358537340604459e+00
1.480339213404251675e+00
1.412457251165915917e+00
1.480428513947396496e+00
1.412554019373874592e+00
1.480515871814263473e+00
1.412648852134730237e+00
1.480601297008343975e+00
1.412741759564252186e+00
1.480684799479695446e+00
1.412832751724039104e+00
1.480766389125268034e+00
1.412921838621850279e+00
1.480846075789241434e+00
1.413009030211971329e+00
1.480923869263339743e+00
1.413094336395517292e+00
1.480999779287173412e+00
1.413177767020764364e+00
1.481073815548558326e+00
1.413259331883500058e+00
1.481145987683823328e+00
1.413339040727321860e+00
1.481216305278138634e+00
1.413416903243969625e+00
1.481284777865840008e+00
1.413492929073635107e+00
1.481351414930715427e+00
1.413567127805308798e+00
1.481416225906355688e+00
1.413639508977059922e+00
1.481479220176412426e+00
1.413710082076359287e+00
1.481540407074970700e+00
1.413778856540399920e+00
1.481599795886777482e+00
1.413845841756412369e+00
1.481657395847606251e+00
1.413911047061924942e+00
1.481713216144527667e+00
1.413974481745138068e+00
1.481767265916200227e+00
1.414036155045143683e+00
1.481819554253200000e+00
1.414096076152306480e+00
1.481870090198266654e+00
1.414154254208484618e+00
1.481918882746644073e+00
1.414210698307398317e+00
1.481965940846322827e+00
1.414265417494855015e+00
1.482011273398367912e+00
1.414318420769088203e+00
1.482054889257161223e+00
1.414369717081013222e+00
1.482096797230733953e+00
1.414419315334539462e+00
1.482137006081003516e+00
1.414467224386838584e+00
1.482175524524070420e+00
1.414513453048635627e+00
1.482212361230516029e+00
1.414558010084473683e+00
1.482247524825633267e+00
1.414600904213014987e+00
1.482281023889731264e+00
1.414642144107295607e+00
1.482312866958372055e+00
1.414681738395009436e+00
1.482343062522718746e+00
1.414719695658785081e+00
1.482371619029688059e+00
1.414756024436444548e+00
1.482398544882318703e+00
1.414790733221290786e+00
1.482423848439965663e+00
1.414823830462339505e+00
1.482447538018592637e+00
1.414855324564626926e+00
1.482469621891028266e+00
1.414885223889411847e+00
1.482490108287214614e+00
1.414913536754531798e+00
1.482509005394474944e+00
1.414940271434557584e+00
1.482526321357766630e+00
1.414965436161114365e+00
1.482542064279905647e+00
1.414989039123131009e+00
1.482556242221864773e+00
1.415011088467057032e+00
1.482568863202969212e+00
1.415031592297154805e+00
1.482579935201196131e+00
1.415050558675748027e+00
1.482589466153382052e+00
1.415067995623413566e+00
1.482597463955468875e+00
1.415083911119308979e+00
1.482603936462774996e+00
1.415098313101368133e+00
1.482608891490196701e+00
1.415111209466543896e+00
1.482612336812471732e+00
1.415122608071061716e+00
1.482614280164398002e+00
1.415132516730673640e+00
1.482614729241093832e+00
1.415140943220845271e+00
1.482613691698212000e+00
1.415147895277059975e+00
1.482611175152157568e+00
1.415153380594999399e+00
1.482607187180353225e+00
1.415157406830801046e+00
1.482601735321450231e+00
1.415159981601298300e+00
1.482594827075548238e+00
1.415161112484193406e+00
1.482586469904417559e+00
1.415160807018366107e+00
1.482576671231744747e+00
1.415159072704067489e+00
1.482565438443338657e+00
1.415155917003104502e+00
1.482552778887352707e+00
1.415151347339129062e+00
1.482538699874509813e+00
1.415145371097798144e+00
1.482523208678302229e+00
1.415137995627059997e+00
1.482506312535231352e+00
1.415129228237324677e+00
1.482488018645011119e+00
1.415119076201679871e+00
1.482468334170771840e+00
1.415107546756130930e+00
1.482447266239288464e+00
1.415094647099796488e+00
1.482424821941181303e+00
1.415080384395162927e+00
1.482401008331140302e+00
1.415064765768216493e+00
1.482375832428086015e+00
1.415047798308737947e+00
1.482349301215432513e+00
1.415029489070438462e+00
1.482321421641258352e+00
1.415009845071221406e+00
1.482292200618531286e+00
1.414988873293372862e+00
1.482261645025277019e+00
1.414966580683742148e+00
1.482229761704809690e+00
1.414942974153967636e+00
1.482196557465927267e+00
1.414918060580680370e+00
1.482162039083083638e+00
1.414891846805684583e+00
1.482126213296611539e+00
1.414864339636185520e+00
1.482089086812928835e+00
1.414835545844967957e+00
1.482050666304679076e+00
1.414805472170567846e+00
1.482010958410972634e+00
1.414774125317523445e+00
1.481969969737569004e+00
1.414741511956520981e+00
1.481927706857053106e+00
1.414707638724632899e+00
1.481884176309027801e+00
1.414672512225433554e+00
1.481839384600307064e+00
1.414636139029276984e+00
1.481793338205092514e+00
1.414598525673425033e+00
1.481746043565169257e+00
1.414559678662264286e+00
1.481697507090083521e+00
1.414519604467469271e+00
1.481647735157323176e+00
1.414478309528193423e+00
1.481596734112492930e+00
1.414435800251280240e+00
1.481544510269526826e+00
1.414392083011404733e+00
1.481491069910808811e+00
1.414347164151280811e+00
1.481436419287400996e+00
1.414301049981833813e+00
1.481380564619203755e+00
1.414253746782362597e+00
1.481323512095111372e+00
1.414205260800753816e+00
1.481265267873235647e+00
1.414155598253612478e+00
1.481205838081001813e+00
1.414104765326492652e+00
1.481145228815412107e+00
1.414052768174000274e+00
1.481083446143130811e+00
1.413999612920048499e+00
1.481020496100708517e+00
1.413945305657940521e+00
