5.478063701322866130e+00
-3.473630562338398420e+01
5.484314711175917623e+00
-3.475539426843115365e+01
5.489303161662122399e+00
-3.476076905767466485e+01
5.492762941884598682e+00
-3.476108944463873485e+01
5.495561172398093497e+00
-3.476387585408808434e+01
5.498509688462329237e+00
-3.477090685794252778e+01
5.501847603215641591e+00
-3.478006073422562139e+01
5.505390811448085842e+00
-3.478886411848696980e+01
5.508890254542167852e+00
-3.479638561955617604e+01
5.512241243420064940e+00
-3.480305204750938231e+01
5.515479782925591934e+00
-3.480962428147899601e+01
5.518682990824968826e+00
-3.481649106175498076e+01
5.521894170861363804e+00
-3.482359926408831541e+01
5.525111320321631325e+00
-3.483072768196088731e+01
5.528313079432188637e+00
-3.483773048976046027e+01
5.531484104255299350e+00
-3.484459791417067009e+01
5.534622614413642339e+00
-3.485139003632819055e+01
5.537734464113730048e+00
-3.485815767174708668e+01
5.540825092136666186e+00
-3.486491216186750819e+01
5.543896080202577181e+00
-3.487163879854542614e+01
5.546946235714707463e+00
-3.487832113469104911e+01
5.549974017128282533e+00
-3.488495344357490069e+01
5.552978895851362395e+00
-3.489153902994452494e+01
5.555961280055500495e+00
-3.489808316698058377e+01
5.558921826836384028e+00
-3.490458846038414009e+01
5.561860950324104991e+00
-3.491105456172582677e+01
5.564778762726989569e+00
-3.491748009262914110e+01
5.567675256429037489e+00
-3.492386425064349709e+01
5.570550470571020263e+00
-3.493020714889679823e+01
5.573404534394120091e+00
-3.493650933392132885e+01
5.576237623499267215e+00
-3.494277126013682278e+01
5.579049906437257178e+00
-3.494899311101022477e+01
5.581841524111913699e+00
-3.495517490509170244e+01
5.584612598698699415e+00
-3.496131665949774003e+01
5.587363249951835087e+00
-3.496741846570917289e+01
5.590093603534459277e+00
-3.497348047195985288e+01
5.592803789861751973e+00
-3.497950283486524370e+01
5.595493939391207761e+00
-3.498548569070874947e+01
5.598164179580254363e+00
-3.499142915587545843e+01
5.600814634748886078e+00
-3.499733334044302069e+01
5.603445427387272915e+00
-3.500319835829425585e+01
5.606056679219326710e+00
-3.500902432857691338e+01
5.608648511421390204e+00
-3.501481137215201045e+01
5.611221044307102446e+00
-3.502055960822752922e+01
5.613774396996790372e+00
-3.502626915345158665e+01
5.616308687321636128e+00
-3.503194012277864289e+01
5.618824031911785255e+00
-3.503757263054302484e+01
5.621320546315722311e+00
-3.504316679088939424e+01
5.623798345060054160e+00
-3.504872271760641667e+01
5.626257541648094218e+00
-3.505424052380121225e+01
5.628698248539397930e+00
-3.505972032175262854e+01
5.631120577145177997e+00
-3.506516222294160912e+01
5.633524637841491156e+00
-3.507056633814805480e+01
5.635910539989206214e+00
-3.507593277752157235e+01
5.638278391952774804e+00
-3.508126165059774593e+01
5.640628301112494469e+00
-3.508655306626662451e+01
5.642960373872432100e+00
-3.509180713276833785e+01
5.645274715670057120e+00
-3.509702395769386385e+01
5.647571430986813468e+00
-3.510220364800291293e+01
5.649850623359908397e+00
-3.510734631003450090e+01
5.652112395393150024e+00
-3.511245204951371335e+01
5.654356848767903898e+00
-3.511752097155828523e+01
5.656584084253153399e+00
-3.512255318068805110e+01
5.658794201716489169e+00
-3.512754878082645149e+01
5.660987300133287548e+00
-3.513250787530783015e+01
5.663163477597048079e+00
-3.513743056688292654e+01
5.665322831329155484e+00
-3.514231695772882347e+01
5.667465457688866337e+00
-3.514716714945527087e+01
5.669591452182949354e+00
-3.515198124310541772e+01
5.671700909474789221e+00
-3.515675933917238183e+01
5.673793923394507388e+00
-3.516150153759211605e+01
5.675870586947125318e+00
-3.516620793776007048e+01
5.677930992322507642e+00
-3.517087863853043217e+01
5.679975230903954397e+00
-3.517551373822606564e+01
5.682003393277215153e+00
-3.518011333464109214e+01
5.684015569239021737e+00
-3.518467752505056723e+01
5.686011847806192065e+00
-3.518920640621252716e+01
5.687992317223840466e+00
-3.519370007437361636e+01
5.689957064973550693e+00
-3.519815862527579498e+01
5.691906177781911325e+00
-3.520258215416093606e+01
5.693839741628882400e+00
-3.520697075577699309e+01
5.695757841755539452e+00
-3.521132452438065030e+01
5.697660562672092865e+00
-3.521564355374845690e+01
5.699547988166263401e+00
-3.521992793717478776e+01
5.701420201310321900e+00
-3.522417776747819573e+01
5.703277284468875941e+00
-3.522839313701001629e+01
5.705119319307014436e+00
-3.523257413765804813e+01
5.706946386797319803e+00
-3.523672086084886246e+01
5.708758567227180336e+00
-3.524083339755239308e+01
5.710555940206100800e+00
-3.524491183829489671e+01
5.712338584673669395e+00
-3.524895627314726454e+01
5.714106578905002287e+00
-3.525296679174513059e+01
5.715860000519264794e+00
-3.525694348328428873e+01
5.717598926485759847e+00
-3.526088643653117316e+01
5.719323433131283885e+00
-3.526479573982263815e+01
5.721033596146569700e+00
-3.526867148107132266e+01
5.722729490592800339e+00
-3.527251374777002724e+01
5.724411190908395675e+00
-3.527632262699596311e+01
5.726078770915489002e+00
-3.528009820541775809e+01
5.727732303826414295e+00
-3.528384056929176182e+01
5.729371862249512226e+00
-3.528754980447610734e+01
5.730997518196258689e+00
-3.529122599642460045e+01
5.732609343086409126e+00
-3.529486923019999267e+01
5.734207407755103070e+00
-3.529847959047223327e+01
5.735791782458195875e+00
-3.530205716152265438e+01
5.737362536878336527e+00
-3.530560202724787189e+01
5.738919740130899783e+00
-3.530911427116495105e+01
5.740463460769770876e+00
-3.531259397641487396e+01
5.741993766793097365e+00
-3.531604122576645466e+01
5.743510725649139559e+00
-3.531945610161535853e+01
5.745014404241010730e+00
-3.532283868599391496e+01
5.746504868933303811e+00
-3.532618906057209784e+01
5.747982185556971935e+00
-3.532950730665945827e+01
5.749446419414582010e+00
-3.533279350521078044e+01
5.750897635285986631e+00
-3.533604773682835543e+01
5.752335897433377809e+00
-3.533927008176332407e+01
5.753761269606181727e+00
-3.534246061992080001e+01
5.755173815046660479e+00
-3.534561943087029334e+01
5.756573596495417888e+00
-3.534874659383281426e+01
5.757960676194786132e+00
-3.535184218769946796e+01
5.759335115895675372e+00
-3.535490629101953886e+01
5.760696976860448792e+00
-3.535793898202105368e+01
5.762046319869767785e+00
-3.536094033860305785e+01
5.763383205226441319e+00
-3.536391043833653214e+01
5.764707692759468927e+00
-3.536684935847267042e+01
5.766019841829686854e+00
-3.536975717594526714e+01
5.767319711334095267e+00
-3.537263396737370158e+01
5.768607359710363980e+00
-3.537547980906035150e+01
5.769882844940930511e+00
-3.537829477699974490e+01
5.771146224557866411e+00
-3.538107894688286592e+01
5.772397555647804879e+00
-3.538383239409154868e+01
5.773636894854876189e+00
-3.538655519370565372e+01
5.774864298385936401e+00
-3.538924742050885186e+01
5.776079822014862586e+00
-3.539190914898577489e+01
5.777283521086139295e+00
-3.539454045332836785e+01
5.778475450519612977e+00
-3.539714140743686954e+01
5.779655664814140614e+00
-3.539971208492416110e+01
5.780824218051995089e+00
-3.540225255911461488e+01
5.781981163902457865e+00
-3.540476290304768980e+01
5.783126555625769605e+00
-3.540724318948496574e+01
5.784260446077555073e+00
-3.540969349090780582e+01
5.785382887712365196e+00
-3.541211387951885570e+01
5.786493932587128519e+00
-3.541450442724705283e+01
5.787593632365177321e+00
-3.541686520575182584e+01
5.788682038320563272e+00
-3.541919628642003914e+01
5.789759201340640260e+00
-3.542149774037068255e+01
5.790825171930400472e+00
-3.542376963846110272e+01
5.791880000216188762e+00
-3.542601205128343622e+01
5.792923735948814823e+00
-3.542822504916936310e+01
5.793956428507315515e+00
-3.543040870218850102e+01
5.794978126902011084e+00
-3.543256308015973133e+01
5.795988879778844804e+00
-3.543468825264389466e+01
5.796988735421869876e+00
-3.543678428895006505e+01
5.797977741757106784e+00
-3.543885125813704917e+01
5.798955946355633273e+00
-3.544088922901820382e+01
5.799923396437267620e+00
-3.544289827015321492e+01
5.800880138872833491e+00
-3.544487844986701930e+01
5.801826220188933902e+00
-3.544682983623366823e+01
5.802761686569411381e+00
-3.544875249709076570e+01
5.803686583859638759e+00
-3.545064650003968865e+01
5.804600957569562070e+00
-3.545251191244199873e+01
5.805504852876256727e+00
-3.545434880142424561e+01
5.806398314627123192e+00
-3.545615723388350915e+01
5.807281387343238954e+00
-3.545793727648107563e+01
5.808154115221745961e+00
-3.545968899565379218e+01
5.809016542139513462e+00
-3.546141245760412630e+01
5.809868711654877060e+00
-3.546310772831947133e+01
5.810710667012505937e+00
-3.546477487355350888e+01
5.811542451143823840e+00
-3.546641395884319081e+01
5.812364106671742192e+00
-3.546802504950279911e+01
5.813175675912384932e+00
-3.546960821062757674e+01
5.813977200878174934e+00
-3.547116350709791277e+01
5.814768723280812068e+00
-3.547269100357418381e+01
5.815550284533123282e+00
-3.547419076450859876e+01
5.816321925752955480e+00
-3.547566285413866183e+01
5.817083687764859512e+00
-3.547710733648908388e+01
5.817835611102842641e+00
-3.547852427537569042e+01
5.818577736012980672e+00
-3.547991373441077911e+01
5.819310102456563882e+00
-3.548127577699711566e+01
5.820032750111705511e+00
-3.548261046633372473e+01
5.820745718376379330e+00
-3.548391786542013193e+01
5.821449046371103719e+00
-3.548519803704621012e+01
5.822142772940246402e+00
-3.548645104380771187e+01
5.822826936655732588e+00
-3.548767694810230466e+01
5.823501575819052256e+00
-3.548887581212651554e+01
5.824166728463077369e+00
-3.549004769788617608e+01
5.824822432355408530e+00
-3.549119266718989962e+01
5.825468724999725012e+00
-3.549231078165206554e+01
5.826105643638443965e+00
-3.549340210269652829e+01
5.826733225254981718e+00
-3.549446669155666712e+01
5.827351506576038176e+00
-3.549550460928160334e+01
5.827960524074350168e+00
-3.549651591672591167e+01
5.828560313969520124e+00
-3.549750067456194813e+01
5.829150912231462200e+00
-3.549845894327589946e+01
5.829732354581949494e+00
-3.549939078317037655e+01
5.830304676496879779e+00
-3.550029625436550162e+01
5.830867913208397368e+00
-3.550117541680258881e+01
5.831422099707237017e+00
-3.550202833023723059e+01
5.831967270743881215e+00
-3.550285505425281940e+01
5.832503460831860664e+00
-3.550365564825386855e+01
5.833030704249049236e+00
-3.550443017146471902e+01
5.833549035039378161e+00
-3.550517868293866286e+01
5.834058487015503225e+00
-3.550590124155378646e+01
5.834559093760555371e+00
-3.550659790601600463e+01
5.835050888629713661e+00
-3.550726873485830026e+01
5.835533904752606027e+00
-3.550791378644324681e+01
5.836008175034693934e+00
-3.550853311896760545e+01
5.836473732159997319e+00
-3.550912679045855214e+01
5.836930608592174607e+00
-3.550969485877008935e+01
5.837378836576066377e+00
-3.551023738159752696e+01
5.837818448140771110e+00
-3.551075441646798936e+01
5.838249475100304231e+00
-3.551124602074858672e+01
5.838671949056283061e+00
-3.551171225163877665e+01
5.839085901398762601e+00
-3.551215316617724227e+01
5.839491363308525251e+00
-3.551256882124467040e+01
5.839888365758982403e+00
-3.551295927355977256e+01
5.840276939517425880e+00
-3.551332457968401712e+01
5.840657115147108058e+00
-3.551366479601722403e+01
5.841028923008371621e+00
-3.551397997880977897e+01
5.841392393261358507e+00
-3.551427018414951675e+01
5.841747555866457553e+00
-3.551453546797424821e+01
5.842094440586782511e+00
-3.551477588606248759e+01
5.842433076989088647e+00
-3.551499149404627076e+01
5.842763494446337802e+00
-3.551518234740505875e+01
5.843085722138632754e+00
-3.551534850146235556e+01
5.843399789054426918e+00
-3.551549001139419204e+01
5.843705723992683509e+00
-3.551560693222619136e+01
5.844003555564296626e+00
-3.551569931884284870e+01
5.844293312194038137e+00
-3.551576722597278746e+01
5.844575022120859664e+00
-3.551581070820086694e+01
5.844848713400485174e+00
-3.551582981996649124e+01
5.845114413906346229e+00
-3.551582461556603221e+01
5.845372151331590160e+00
-3.551579514914988778e+01
5.845621953189759523e+00
-3.551574147472598497e+01
5.845863846816780729e+00
-3.551566364616191152e+01
5.846097859372509475e+00
-3.551556171718071653e+01
5.846324017841316945e+00
-3.551543574136570669e+01
5.846542349034257846e+00
-3.551528577216325999e+01
5.846752879590586538e+00
-3.551511186287967092e+01
5.846955635978519972e+00
-3.551491406667849304e+01
5.847150644496299066e+00
-3.551469243659249031e+01
5.847337931274910972e+00
-3.551444702551520294e+01
5.847517522278199209e+00
-3.551417788620386773e+01
5.847689443304470380e+00
-3.551388507128253025e+01
5.847853719988162169e+00
-3.551356863323721313e+01
5.848010377800317627e+00
-3.551322862442429340e+01
5.848159442051022339e+00
-3.551286509706761763e+01
5.848300937889778339e+00
-3.551247810325645560e+01
5.848434890307045109e+00
-3.551206769494795878e+01
5.848561324135162387e+00
-3.551163392397425156e+01
5.848680264050667432e+00
-3.551117684202959879e+01
5.848791734573578260e+00
-3.551069650068681938e+01
5.848895760070908167e+00
-3.551019295138520704e+01
5.848992364756020024e+00
-3.550966624543899997e+01
5.849081572690702835e+00
-3.550911643403338758e+01
5.849163407786040381e+00
-3.550854356822880220e+01
5.849237893803824306e+00
-3.550794769895924929e+01
5.849305054357447631e+00
-3.550732887703296115e+01
5.849364912913076253e+00
-3.550668715313420165e+01
5.849417492791067374e+00
-3.550602257782652060e+01
5.849462817166902084e+00
-3.550533520154397138e+01
5.849500909071831956e+00
-3.550462507460315464e+01
5.849531791394886326e+00
-3.550389224719827297e+01
5.849555486883370570e+00
-3.550313676940056951e+01
5.849572018144008290e+00
-3.550235869116171017e+01
5.849581407644037334e+00
-3.550155806231502709e+01
5.849583677712577590e+00
-3.550073493256851265e+01
5.849578850540729569e+00
-3.549988935151916536e+01
5.849566948184146575e+00
-3.549902136864237434e+01
5.849547992562794896e+00
-3.549813103329253750e+01
5.849522005461988527e+00
-3.549721839471408202e+01
5.849489008534745516e+00
-3.549628350203041549e+01
5.849449023301115602e+00
-3.549532640424772012e+01
5.849402071149929938e+00
-3.549434715026139742e+01
5.849348173340084500e+00
-3.549334578884807456e+01
5.849287351000926449e+00
-3.549232236867585755e+01
5.849219625133903477e+00
-3.549127693829069585e+01
5.849145016612371961e+00
-3.549020954613079937e+01
5.849063546183695728e+00
-3.548912024052561520e+01
5.848975234470237261e+00
-3.548800906968613589e+01
5.848880101969140988e+00
-3.548687608171296404e+01
5.848778169053975517e+00
-3.548572132459558759e+01
5.848669455975635145e+00
-3.548454484621661464e+01
5.848553982863661460e+00
-3.548334669434782285e+01
5.848431769726423646e+00
-3.548212691664873120e+01
5.848302836452175413e+00
-3.548088556066981880e+01
5.848167202809877452e+00
-3.547962267385783264e+01
5.848024888450786385e+00
-3.547833830354778684e+01
5.847875912908417462e+00
-3.547703249697116235e+01
5.847720295600171703e+00
-3.547570530124647092e+01
5.847558055827061452e+00
-3.547435676338754718e+01
5.847389212775521372e+00
-3.547298693030829497e+01
5.847213785518552420e+00
-3.547159584881042349e+01
5.847031793015419865e+00
-3.547018356559485142e+01
5.846843254113380794e+00
-3.546875012725471521e+01
5.846648187547891951e+00
-3.546729558028042817e+01
5.846446611943791893e+00
-3.546581997106018491e+01
5.846238545816198950e+00
-3.546432334587824187e+01
5.846024007571015702e+00
-3.546280575091525833e+01
5.845803015505786959e+00
-3.546126723224902832e+01
5.845575587810203366e+00
-3.545970783585784858e+01
5.845341742567777388e+00
-3.545812760761792504e+01
5.845101497755643472e+00
-3.545652659330482237e+01
5.844854871245783734e+00
-3.545490483859211395e+01
5.844601880805664784e+00
-3.545326238905349214e+01
5.844342544098870107e+00
-3.545159929016585920e+01
5.844076878686367493e+00
-3.544991558730215786e+01
5.843804902026272785e+00
-3.544821132574155342e+01
5.843526631475777222e+00
-3.544648655066220755e+01
5.843242084290887206e+00
-3.544474130714428384e+01
5.842951277627553175e+00
-3.544297564016824964e+01
5.842654228542070172e+00
-3.544118959462228702e+01
5.842350953992637486e+00
-3.543938321529381597e+01
5.842041470838857720e+00
-3.543755654687863199e+01
5.841725795843656144e+00
-3.543570963396944506e+01
5.841403945672622555e+00
-3.543384252106705645e+01
5.841075936895713028e+00
-3.543195525257968370e+01
5.840741785987923151e+00
-3.543004787281723367e+01
5.840401509329244512e+00
-3.542812042599536682e+01
5.840055123205765142e+00
-3.542617295623655593e+01
5.839702643810516847e+00
-3.542420550756775555e+01
5.839344087243484971e+00
-3.542221812392515545e+01
5.838979469513063236e+00
-3.542021084915096907e+01
5.838608806536187856e+00
-3.541818372699479767e+01
5.838232114139052520e+00
-3.541613680111476015e+01
5.837849408057909528e+00
-3.541407011507352109e+01
5.837460703939177264e+00
-3.541198371234592202e+01
5.837066017340796442e+00
-3.540987763631378726e+01
5.836665363732183920e+00
-3.540775193026902912e+01
5.836258758495558752e+00
-3.540560663741281644e+01
5.835846216925690833e+00
-3.540344180085501335e+01
5.835427754231164776e+00
-3.540125746361664483e+01
5.835003385534672127e+00
-3.539905366862985403e+01
5.834573125873736998e+00
-3.539683045873439227e+01
5.834136990201056250e+00
-3.539458787668483097e+01
5.833694993385408978e+00
-3.539232596514639795e+01
5.833247150212161003e+00
-3.539004476669512655e+01
5.832793475383635240e+00
-3.538774432381810442e+01
5.832333983519587761e+00
-3.538542467891640086e+01
5.831868689158205221e+00
-3.538308587430550745e+01
5.831397606756683061e+00
-3.538072795220936229e+01
5.830920750690895105e+00
-3.537835095476804526e+01
5.830438135256887477e+00
-3.537595492403784192e+01
5.829949774671458584e+00
-3.537353990198158726e+01
5.829455683071481431e+00
-3.537110593048485896e+01
5.828955874516144497e+00
-3.536865305134111992e+01
5.828450362986028921e+00
-3.536618130626391121e+01
5.827939162384704552e+00
-3.536369073687787790e+01
5.827422286538441298e+00
-3.536118138472357231e+01
5.826899749196973843e+00
-3.535865329126046674e+01
5.826371564034624306e+00
-3.535610649785889592e+01
5.825837744649487782e+00
-3.535354104580931534e+01
5.825298304565412977e+00
-3.535095697631989253e+01
5.824753257231662928e+00
-3.534835433051458153e+01
5.824202616023768542e+00
-3.534573314942747402e+01
5.823646394242912194e+00
-3.534309347402053447e+01
5.823084605118300061e+00
-3.534043534516674612e+01
5.822517261806282818e+00
-3.533775880366101063e+01
5.821944377391387704e+00
-3.533506389021361116e+01
5.821365964886383360e+00
-3.533235064545387161e+01
5.820782037233161788e+00
-3.532961910992870003e+01
5.820192607302803189e+00
-3.532686932410871350e+01
5.819597687896789218e+00
-3.532410132837978978e+01
5.818997291746676126e+00
-3.532131516304662711e+01
5.818391431514588596e+00
-3.531851086833422926e+01
5.817780119794071503e+00
-3.531568848439258090e+01
5.817163369110819104e+00
-3.531284805128355231e+01
5.816541191921883680e+00
-3.530998960899545835e+01
5.815913600617515833e+00
-3.530711319743751631e+01
5.815280607521071232e+00
-3.530421885643842472e+01
5.814642224889090549e+00
-3.530130662574302391e+01
5.813998464911668052e+00
-3.529837654502648547e+01
5.813349339714036113e+00
-3.529542865388383177e+01
5.812694861356094478e+00
-3.529246299182511848e+01
5.812035041832078974e+00
-3.528947959829089598e+01
5.811369893072863668e+00
-3.528647851264148017e+01
5.810699426944887946e+00
-3.528345977415679613e+01
5.810023655250907026e+00
-3.528042342204369675e+01
5.809342589730811746e+00
-3.527736949542999412e+01
5.808656242061557506e+00
-3.527429803336934100e+01
5.807964623858014264e+00
-3.527120907483286771e+01
5.807267746672435393e+00
-3.526810265872356354e+01
5.806565621996463200e+00
-3.526497882386475169e+01
5.805858261260155473e+00
-3.526183760900363495e+01
5.805145675832724450e+00
-3.525867905281195647e+01
5.804427877023128346e+00
-3.525550319388813847e+01
5.803704876080436392e+00
-3.525231007075026923e+01
5.802976684193627221e+00
-3.524909972184643436e+01
5.802243312492983307e+00
-3.524587218555205936e+01
5.801504772050071423e+00
-3.524262750016107049e+01
5.800761073877276353e+00
-3.523936570390267065e+01
5.800012228929992020e+00
-3.523608683491855231e+01
5.799258248104328217e+00
-3.523279093129104922e+01
5.798499142240541637e+00
-3.522947803101995135e+01
5.797734922121112966e+00
-3.522614817203377413e+01
5.796965598471821579e+00
-3.522280139218779027e+01
5.796191181962424999e+00
-3.521943772926584870e+01
5.795411683206701525e+00
-3.521605722097724112e+01
5.794627112762867682e+00
-3.521265990496057441e+01
5.793837481133892631e+00
-3.520924581877807213e+01
5.793042798767594981e+00
-3.520581499992416497e+01
5.792243076057665974e+00
-3.520236748581859132e+01
5.791438323343299110e+00
-3.519890331381127879e+01
5.790628550910064121e+00
-3.519542252117964409e+01
5.789813768989839460e+00
-3.519192514512744197e+01
5.788993987761136495e+00
-3.518841122279172851e+01
5.788169217350120022e+00
-3.518488079123370227e+01
5.787339467829830220e+00
-3.518133388744710999e+01
5.786504749221485611e+00
-3.517777054835404016e+01
5.785665071494346279e+00
-3.517419081080596754e+01
5.784820444566066477e+00
-3.517059471158317052e+01
5.783970878303013485e+00
-3.516698228739650745e+01
5.783116382520584686e+00
-3.516335357488750191e+01
5.782256966983737811e+00
-3.515970861062822905e+01
5.781392641407204991e+00
-3.515604743111941843e+01
5.780523415455407488e+00
-3.515237007279330328e+01
5.779649298743270158e+00
-3.514867657201362761e+01
5.778770300836403528e+00
-3.514496696507225693e+01
5.777886431251063826e+00
-3.514124128819628368e+01
5.776997699455128199e+00
-3.513749957753989150e+01
5.776104114867559147e+00
-3.513374186919183728e+01
5.775205686859454346e+00
-3.512996819917151470e+01
5.774302424754066188e+00
-3.512617860343178933e+01
5.773394337827046030e+00
-3.512237311785162319e+01
5.772481435306223929e+00
-3.511855177824901375e+01
5.771563726373085679e+00
-3.511471462036872282e+01
5.770641220161888185e+00
-3.511086167989267892e+01
5.769713925760910911e+00
-3.510699299243277238e+01
5.768781852211890993e+00
-3.510310859353614887e+01
5.767845008511132576e+00
-3.509920851867806846e+01
5.766903403608694134e+00
-3.509529280326864864e+01
5.765957046409497799e+00
-3.509136148265383781e+01
5.765005945773710394e+00
-3.508741459211276492e+01
5.764050110516636849e+00
-3.508345216685619050e+01
5.763089549408996426e+00
-3.507947424202755826e+01
5.762124271177085255e+00
-3.507548085270561700e+01
5.761154284503179568e+00
-3.507147203390515244e+01
5.760179598026407000e+00
-3.506744782057167242e+01
5.759200220341803345e+00
-3.506340824758753882e+01
5.758216160001581763e+00
-3.505935334976783224e+01
5.757227425514781061e+00
-3.505528316186305915e+01
5.756234025347930050e+00
-3.505119771856039534e+01
5.755235967925272256e+00
-3.504709705447615420e+01
5.754233261628202811e+00
-3.504298120416667928e+01
5.753225914796847640e+00
-3.503885020212540269e+01
5.752213935729876937e+00
-3.503470408277502202e+01
5.751197332683691599e+00
-3.503054288047837872e+01
5.750176113874159611e+00
-3.502636662953079139e+01
5.749150287475944587e+00
-3.502217536416647903e+01
5.748119861623225191e+00
-3.501796911855210226e+01
5.747084844409368287e+00
-3.501374792679175130e+01
5.746045243887665244e+00
-3.500951182293125186e+01
5.745001068072147277e+00
-3.500526084094362034e+01
5.743952324936003606e+00
-3.500099501474370811e+01
5.742899022413494592e+00
-3.499671437818033581e+01
5.741841168399385964e+00
-3.499241896504179294e+01
5.740778770749767723e+00
-3.498810880905299570e+01
5.739711837281692652e+00
-3.498378394387244583e+01
5.738640375773380597e+00
-3.497944440310007508e+01
5.737564393965103982e+00
-3.497509022027053049e+01
5.736483899558836974e+00
-3.497072142885802037e+01
5.735398900218752871e+00
-3.496633806227191599e+01
5.734309403571147712e+00
-3.496194015385903953e+01
5.733215417204782227e+00
-3.495752773690664839e+01
5.732116948671503565e+00
-3.495310084463987010e+01
5.731014005486024132e+00
-3.494865951021789385e+01
5.729906595125923374e+00
-3.494420376674242590e+01
5.728794725032647861e+00
-3.493973364725335529e+01
5.727678402611045883e+00
-3.493524918472468954e+01
5.726557635229633902e+00
-3.493075041207335829e+01
5.725432430221090385e+00
-3.492623736215308838e+01
5.724302794882351719e+00
-3.492171006775753028e+01
5.723168736474905316e+00
-3.491716856161959015e+01
5.722030262224823360e+00
-3.491261287640958955e+01
5.720887379322931565e+00
-3.490804304473810760e+01
5.719740094925234608e+00
-3.490345909915370015e+01
5.718588416152840637e+00
-3.489886107214523037e+01
5.717432350092312987e+00
-3.489424899614297004e+01
5.716271903796242171e+00
-3.488962290351520323e+01
5.715107084282843530e+00
-3.488498282657134553e+01
5.713937898536391558e+00
-3.488032879755645865e+01
5.712764353507255422e+00
-3.487566084866027438e+01
5.711586456112386578e+00
-3.487097901201180861e+01
5.710404213235518611e+00
-3.486628331967814631e+01
5.709217631726865250e+00
-3.486157380367006908e+01
5.708026718404076050e+00
-3.485685049593519125e+01
5.706831480051605787e+00
-3.485211342836505821e+01
5.705631923421560003e+00
-3.484736263279058477e+01
5.704428055233561778e+00
-3.484259814098440700e+01
5.703219882175107003e+00
-3.483781998465789798e+01
5.702007410901394735e+00
-3.483302819546481999e+01
5.700790648035822805e+00
-3.482822280500098344e+01
5.699569600170251604e+00
-3.482340384480297502e+01
5.698344273864947240e+00
-3.481857134634800843e+01
5.697114675648759174e+00
-3.481372534105518923e+01
5.695880812019471051e+00
-3.480886586028489660e+01
5.694642689443706551e+00
-3.480399293534268423e+01
5.693400314357845993e+00
-3.479910659747103807e+01
5.692153693167064432e+00
-3.479420687785722777e+01
5.690902832246235832e+00
-3.478929380762985346e+01
