-5.919001231893202153e+00
-6.877929083074677763e+00
-6.530951400668397966e+00
-6.180350315058823263e+00
-5.913080035456937722e+00
-5.713461669071477012e+00
-5.560756938992672538e+00
-5.440717515579849284e+00
-5.344071002327456021e+00
-5.264653397834414328e+00
-5.198231378199082542e+00
-5.141806898236282564e+00
-5.093199771566070844e+00
-5.050788767411440006e+00
-5.013345488809395789e+00
-4.979924386957236493e+00
-4.949787869756265835e+00
-4.922354025448751891e+00
-4.897159325093460858e+00
-4.873831492713395441e+00
-4.852069430087448509e+00
-4.831628133058645247e+00
-4.812307202392599237e+00
-4.793941984921163524e+00
-4.776396667721265032e+00
-4.759558842056985206e+00
-4.743335187135623521e+00
-4.727648016773916773e+00
-4.712432497930213238e+00
-4.697634397297353104e+00
-4.683208246463565594e+00
-4.669115841375605314e+00
-4.655325010603126756e+00
-4.641808601018909464e+00
-4.628543640243398372e+00
-4.615510643448415884e+00
-4.602693038512239099e+00
-4.590076688526265158e+00
-4.577649494606838232e+00
-4.565401065110709311e+00
-4.553322439871508642e+00
-4.541405860104805292e+00
-4.529644576274540313e+00
-4.518032687553253268e+00
-4.506565007603997586e+00
-4.495236952310786904e+00
-4.484044445824556746e+00
-4.472983841902476776e+00
-4.462051858023899698e+00
-4.451245520185192817e+00
-4.440562116623483213e+00
-4.429999159008718657e+00
-4.419554349884006861e+00
-4.409225555334995938e+00
-4.399010782036175904e+00
-4.388908157961711076e+00
-4.378915916164936917e+00
-4.369032381127998299e+00
-4.359255957264528192e+00
-4.349585119226325070e+00
-4.340018403721810358e+00
-4.330554402601719310e+00
-4.321191757007221135e+00
-4.311929152409069488e+00
-4.302765314394152441e+00
-4.293699005079264275e+00
-4.284729020051376125e+00
-4.275854185750059600e+00
-4.267073357221433660e+00
-4.258385416184423455e+00
-4.249789269359732558e+00
-4.241283847020028475e+00
-4.232868101726431576e+00
-4.224541007222203604e+00
-4.216301557459098071e+00
-4.208148765735907126e+00
-4.200081663931972464e+00
-4.192099301821226476e+00
-4.184200746454678210e+00
-4.176385081601138083e+00
-4.168651407237700113e+00
-4.160998839082757250e+00
-4.153426508165566133e+00
-4.145933560427274678e+00
-4.138519156349142136e+00
-4.131182470604389145e+00
-4.123922691730614432e+00
-4.116739021820263744e+00
-4.109630676226950996e+00
-4.102596883285841045e+00
-4.095636884046541581e+00
-4.088749932017178956e+00
-4.081935292918555724e+00
-4.075192244447431555e+00
-4.068520076048134371e+00
-4.061918088691770734e+00
-4.055385594662481274e+00
-4.048921917350186916e+00
-4.042526391049409362e+00
-4.036198360763767035e+00
-4.029937182015793873e+00
-4.023742220661824298e+00
-4.017612852711633487e+00
-4.011548464152645543e+00
-4.005548450778474212e+00
-3.999612218021621590e+00
-3.993739180790175869e+00
-3.987928763308336677e+00
-3.982180398960669887e+00
-3.976493530139903143e+00
-3.970867608098220813e+00
-3.965302092801887834e+00
-3.959796452789139831e+00
-3.954350165031236042e+00
-3.948962714796573348e+00
-3.943633595517805901e+00
-3.938362308661865985e+00
-3.933148363602830155e+00
-3.927991277497548506e+00
-3.922890575163965554e+00
-3.917845788962089681e+00
-3.912856458677521410e+00
-3.907922131407504995e+00
-3.903042361449413633e+00
-3.898216710191659828e+00
-3.893444746006925250e+00
-3.888726044147694516e+00
-3.884060186644036516e+00
-3.879446762203555998e+00
-3.874885366113517193e+00
-3.870375600145045780e+00
-3.865917072459397641e+00
-3.861509397516228681e+00
-3.857152195983851950e+00
-3.852845094651392799e+00
-3.848587726342856730e+00
-3.844379729833043324e+00
-3.840220749765257846e+00
-3.836110436570808524e+00
-3.832048446390242002e+00
-3.828034440996285426e+00
-3.824068087718445419e+00
-3.820149059369251532e+00
-3.816277034172123717e+00
-3.812451695690777687e+00
-3.808672732760198798e+00
-3.804939839419124947e+00
-3.801252714844009617e+00
-3.797611063284442867e+00
-3.794014594000004514e+00
-3.790463021198517968e+00
-3.786956063975679410e+00
-3.783493446256039672e+00
-3.780074896735311274e+00
-3.776700148823977088e+00
-3.773368940592185972e+00
-3.770081014715892298e+00
-3.766836118424240265e+00
-3.763634003448152132e+00
-3.760474425970119050e+00
-3.757357146575150075e+00
-3.754281930202886031e+00
-3.751248546100830694e+00
-3.748256767778709087e+00
-3.745306372963912001e+00
-3.742397143558015671e+00
-3.739528865594372586e+00
-3.736701329196730370e+00
-3.733914328538883609e+00
-3.731167661805341318e+00
-3.728461131152974062e+00
-3.725794542673656284e+00
-3.723167706357861650e+00
-3.720580436059218510e+00
-3.718032549459988179e+00
-3.715523868037482025e+00
-3.713054217031372506e+00
-3.710623425411917253e+00
-3.708231325849050464e+00
-3.705877754682358471e+00
-3.703562551891908416e+00
-3.701285561069936669e+00
-3.699046629393355268e+00
-3.696845607597110117e+00
-3.694682349948333666e+00
-3.692556714221316927e+00
-3.690468561673271086e+00
-3.688417757020883148e+00
-3.686404168417638072e+00
-3.684427667431917630e+00
-3.682488129025856871e+00
-3.680585431534947993e+00
-3.678719456648385400e+00
-3.676890089390155936e+00
-3.675097218100836116e+00
-3.673340734420124765e+00
-3.671620533270076869e+00
-3.669936512839046650e+00
-3.668288574566321181e+00
-3.666676623127442358e+00
-3.665100566420220751e+00
-3.663560315551416480e+00
-3.662055784824089777e+00
-3.660586891725619907e+00
-3.659153556916369343e+00
-3.657755704219014525e+00
-3.656393260608504114e+00
-3.655066156202668726e+00
-3.653774324253455941e+00
-3.652517701138789707e+00
-3.651296226355057684e+00
-3.650109842510213198e+00
-3.648958495317475403e+00
-3.647842133589648927e+00
-3.646760709234025732e+00
-3.645714177247898480e+00
-3.644702495714637891e+00
-3.643725625800366519e+00
-3.642783531751208947e+00
-3.641876180891096215e+00
-3.641003543620143557e+00
-3.640165593413588141e+00
-3.639362306821269932e+00
-3.638593663467655226e+00
-3.637859646052403306e+00
-3.637160240351464235e+00
-3.636495435218687344e+00
-3.635865222587962631e+00
-3.635269597475854209e+00
-3.634708557984744459e+00
-3.634182105306456911e+00
-3.633690243726379165e+00
-3.633232980628035680e+00
-3.632810326498141507e+00
-3.632422294932098783e+00
-3.632068902639934205e+00
-3.631750169452667265e+00
-3.631466118329097714e+00
-3.631216775362988702e+00
-3.631002169790642053e+00
-3.630822333998853235e+00
-3.630677303533217160e+00
-3.630567117106771491e+00
-3.630491816608980127e+00
-3.630451447114995567e+00
-3.630446056895226370e+00
-3.630475697425149750e+00
-3.630540423395370198e+00
-3.630640292721889928e+00
-3.630775366556552974e+00
-3.630945709297666024e+00
-3.631151388600722729e+00
-3.631392475389240371e+00
-3.631669043865643598e+00
-3.631981171522161933e+00
-3.632328939151728164e+00
-3.632712430858788810e+00
-3.633131734070029761e+00
-3.633586939544917627e+00
-3.634078141386053673e+00
-3.634605437049245324e+00
-3.635168927353252588e+00
-3.635768716489149455e+00
-3.636404912029205683e+00
-3.637077624935257880e+00
-3.637786969566437101e+00
-3.638533063686221425e+00
-3.639316028468678077e+00
-3.640135988503826248e+00
-3.640993071802006487e+00
-3.641887409797140762e+00
-3.642819137348773495e+00
-3.643788392742754567e+00
-3.644795317690438186e+00
-3.645840057326235950e+00
-3.646922760203385572e+00
-3.648043578287752275e+00
-3.649202666949477702e+00
-3.650400184952303562e+00
-3.651636294440340436e+00
-3.652911160922068134e+00
-3.654224953251328678e+00
-3.655577843605057442e+00
-3.656970007457466476e+00
-3.658401623550405102e+00
-3.659872873859554065e+00
-3.661383943556149045e+00
-3.662935020963822286e+00
-3.664526297510225294e+00
-3.666157967672965867e+00
-3.667830228919431335e+00
-3.669543281640009980e+00
-3.671297329074183935e+00
-3.673092577228943334e+00
-3.674929234788903543e+00
-3.676807513017492646e+00
-3.678727625648504418e+00
-3.680689788767268489e+00
-3.682694220680633457e+00
-3.684741141774880546e+00
-3.686830774360645435e+00
-3.688963342503841503e+00
-3.691139071841475605e+00
-3.693358189381206635e+00
-3.695620923283363890e+00
-3.697927502624068996e+00
-3.700278157137988799e+00
-3.702673116939114273e+00
-3.705112612217854817e+00
-3.707596872912588548e+00
-3.710126128353651076e+00
-3.712700606877577858e+00
-3.715320535409276648e+00
-3.717986139009523239e+00
-3.720697640385072447e+00
-3.723455259358340097e+00
-3.726259212293427048e+00
-3.729109711474949851e+00
-3.732006964435833574e+00
-3.734951173229898114e+00
-3.737942533644738941e+00
-3.740981234349917361e+00
-3.744067455975125469e+00
-3.747201370112480223e+00
-3.750383138236541569e+00
-3.753612910535122804e+00
-3.756890824643284610e+00
-3.760217004272202956e+00
-3.763591557723851455e+00
-3.767014576281555005e+00
-3.770486132465528772e+00
-3.774006278141480486e+00
-3.777575042469199396e+00
-3.781192429676747846e+00
-3.784858416644467205e+00
-3.788572950281436924e+00
-3.792335944675230053e+00
-3.796147277993902058e+00
-3.800006789116919137e+00
-3.803914273969357662e+00
-3.807869481530921085e+00
-3.811872109488356752e+00
-3.815921799496399647e+00
-3.820018132008595302e+00
-3.824160620635064678e+00
-3.828348705979487399e+00
-3.832581748902164520e+00
-3.836859023149973513e+00
-3.841179707287146083e+00
-3.845542875853145581e+00
-3.849947489665106026e+00
-3.854392385172581648e+00
-3.858876262761105735e+00
-3.863397673888589345e+00
-3.867955006924287176e+00
-3.872546471544056512e+00
-3.877170081517382627e+00
-3.881823635701234565e+00
-3.886504697032605371e+00
-3.891210569285664000e+00
-3.895938271330282365e+00
-3.900684508596180766e+00
-3.905445641410936641e+00
-3.910217649840395548e+00
-3.914996094617043010e+00
-3.919776073695738106e+00
-3.924552173928209875e+00
-3.929318417299145771e+00
-3.934068201120505925e+00
-3.938794231540986512e+00
-3.943488449700648157e+00
-3.948141949856177391e+00
-3.952744888833640502e+00
-3.957286386252511168e+00
-3.961754415134724816e+00
-3.966135682803334728e+00
-3.970415502438574773e+00
-3.974577656362649147e+00
-3.978604253156051929e+00
-3.982475582175640572e+00
-3.986169971074382978e+00
-3.989663654648855751e+00
-3.992930666881818524e+00
-3.995942772463267900e+00
-3.998669459290013606e+00
-4.001078019142192410e+00
-4.003133749204486058e+00
-4.004800311077640451e+00
-4.006040284488959990e+00
-4.006815947533877598e+00
-4.007090301234786267e+00
-4.006828331446703473e+00
-4.005998465710846723e+00
-4.004574140208444710e+00
-4.002535350584322416e+00
-3.999870031615532007e+00
-3.996575106014580658e+00
-3.992657068575273360e+00
-3.988132025808717618e+00
-3.983025181286108829e+00
-3.977369826280458653e+00
-3.971205948832350341e+00
-3.964578603596855988e+00
-3.957536189160010931e+00
-3.950128764080429455e+00
-3.942406505294235419e+00
-3.934418380041226015e+00
-3.926211070749396015e+00
-3.917828164904487043e+00
-3.909309600559201403e+00
-3.900691343185260340e+00
-3.892005260556785640e+00
-3.883279158318965862e+00
-3.874536938698054822e+00
-3.865798847308230979e+00
-3.857081777189339089e+00
-3.848399604228895932e+00
-3.839763533343871771e+00
-3.831182439776004145e+00
-3.822663194309775303e+00
-3.814210965010239374e+00
-3.805829491155344968e+00
-3.797521327429321136e+00
-3.789288058219163258e+00
-3.781130483103620321e+00
-3.773048775441302904e+00
-3.765042616442177970e+00
-3.757111307330894601e+00
-3.749253862248353997e+00
-3.741469084452980542e+00
-3.733755628212759081e+00
-3.726112048570527691e+00
-3.718536840923652331e+00
-3.711028472133040434e+00
-3.703585404630904687e+00
-3.696206114810445253e+00
-3.688889106745830038e+00
-3.681632922185813062e+00
-3.674436147507877060e+00
-3.667297418361060490e+00
-3.660215422338907398e+00
-3.653188900377730697e+00
-3.646216646768213998e+00
-3.639297508793004621e+00
-3.632430384997082928e+00
-3.625614224263427499e+00
-3.618848022531214959e+00
-3.612130822735810209e+00
-3.605461708960448597e+00
-3.598839810023673369e+00
-3.592264287212192375e+00
-3.585734348661168802e+00
-3.579249219058755926e+00
-3.572808184868551340e+00
-3.566410512182872861e+00
-3.560055580582528911e+00
-3.553742650599323039e+00
-3.547471254832737841e+00
-3.541240526055888793e+00
-3.535050341824507392e+00
-3.528899359397958069e+00
-3.522788385665255095e+00
-3.516714576922441271e+00
-3.510681432170292382e+00
-3.504681534329836090e+00
-3.498726404085729325e+00
-3.492794756354680175e+00
-3.486922335103165072e+00
-3.481045651691085485e+00
-3.475274227456576881e+00
-3.469415356135537643e+00
-3.463804775590386686e+00
-3.457851255461477091e+00
-3.452587631096763143e+00
-3.446181912137860071e+00
-3.441817493615745960e+00
-3.433735956809935264e+00
-3.431693201707279428e+00
-3.417020816078911061e+00
-3.419073494278105141e+00
-3.375340544676446619e+00
-3.375101943375157010e+00
-3.336398177272565491e+00
-3.339814546423268471e+00
-3.336687891457895017e+00
-3.348776393542199692e+00
-3.345578184631619933e+00
-3.354475791855472178e+00
-3.348378582314214480e+00
-3.354625273244939532e+00
-3.345204962399914272e+00
-3.349859675007740734e+00
-3.337103415010249652e+00
-3.340945177115768328e+00
-3.325525214715101541e+00
-3.329061583490021903e+00
-3.312844115897288777e+00
-3.316523175939689150e+00
-3.301440392936161317e+00
-3.305534820679222108e+00
-3.292009700584879184e+00
-3.296381419669379920e+00
-3.283783454794297896e+00
-3.288144504519887157e+00
-3.275766052724962130e+00
-3.279948118820352754e+00
-3.267375767029389699e+00
-3.271354230304311717e+00
-3.258492514677829632e+00
-3.262323021537632428e+00
-3.249302264723095135e+00
-3.253062770318158048e+00
-3.240093691732977010e+00
-3.243844437345006604e+00
-3.231081055365330634e+00
-3.234844280325549715e+00
-3.222327155099366625e+00
-3.226091411150801225e+00
-3.213776798603487972e+00
-3.217517304123090227e+00
-3.205337661726651355e+00
-3.209034922986460980e+00
-3.196943026758175765e+00
-3.200590211999800871e+00
-3.188572833947301177e+00
-3.192173511470563607e+00
-3.180242325389012414e+00
-3.183804205134296073e+00
-3.171978318960043453e+00
-3.175507706286671894e+00
-3.163800037183674529e+00
-3.167299330728268636e+00
-3.155712140655543951e+00
-3.159180343010573822e+00
-3.147708262533862378e+00
-3.151142982588199803e+00
-3.139778619387279424e+00
-3.143177904071475126e+00
-3.131915969232467400e+00
-3.135279106433788598e+00
-3.124117602199351307e+00
-3.127444942857960708e+00
-3.116384123570144826e+00
-3.119676446560546879e+00
-3.108717088947517304e+00
-3.111975031893376098e+00
-3.101117223066577555e+00
-3.104341040028388843e+00
-3.093583883640349974e+00
-3.096773510111982208e+00
-3.086115490637764580e+00
-3.089270746706540560e+00
-3.078710262260020869e+00
-3.081831027535186784e+00
-3.071366733756466072e+00
-3.074453015771199560e+00
-3.064083884893067378e+00
-3.067135792775351977e+00
-3.056860986126527902e+00
-3.059878665446215340e+00
-3.049697372018026265e+00
-3.052680952129942504e+00
-3.042592294541505371e+00
-3.045541870340307877e+00
-3.035544897439239609e+00
-3.038460539567920726e+00
-3.028554269751210892e+00
-3.031436044957660059e+00
-3.021619513490130693e+00
-3.024467499664958758e+00
-3.014739782523353284e+00
-3.017554072731301940e+00
-3.007914284773722802e+00
-3.010694983017156545e+00
-3.001142263177171365e+00
-3.003889477813070918e+00
-2.994422975209332982e+00
-2.997136814524625770e+00
-2.987755682476647134e+00
-2.990436253731281635e+00
-2.981139651137755475e+00
-2.983787061927597239e+00
-2.974574157696542542e+00
-2.977188517761518938e+00
-2.968058494311378137e+00
-2.970639916531158331e+00
-2.961591970743099989e+00
-2.964140571081155251e+00
-2.955173913241069705e+00
-2.957689810083000026e+00
-2.948803662212391430e+00
-2.951286975673733437e+00
-2.942480570336630130e+00
-2.944931421871117116e+00
-2.936204001775378103e+00
-2.938622514100586169e+00
-2.929973332224683258e+00
-2.932359629402577106e+00
-2.923787949215235216e+00
-2.926142156717334686e+00
-2.917647252211202691e+00
-2.919969496887906413e+00
-2.911550652385991089e+00
-2.913841062352231948e+00
-2.905497572194947864e+00
-2.907756276687553765e+00
-2.899487444926911905e+00
-2.901714574181152528e+00
-2.893519714347230654e+00
-2.895715399509472210e+00
-2.887593834445115526e+00
-2.889758207512349575e+00
-2.881709269237727966e+00
-2.883842463006028645e+00
-2.875865492578186799e+00
-2.877967640587252518e+00
-2.870061987941318282e+00
-2.872133224412324992e+00
-2.864298248189986129e+00
-2.866338707960660148e+00
-2.858573775338090428e+00
-2.860583593800261504e+00
-2.852888080324312625e+00
-2.854867393366884443e+00
-2.847240682801331690e+00
-2.849189626758581007e+00
-2.841631110937604898e+00
-2.843549822541160843e+00
-2.836058901226297113e+00
-2.837947517559145094e+00
-2.830523598297616239e+00
-2.832382256749419458e+00
-2.825024754733784338e+00
-2.826853592957572658e+00
-2.819561930887631629e+00
-2.821361086758306325e+00
-2.814134694706237561e+00
-2.815904306281192593e+00
-2.808742621560179398e+00
-2.810482827042051213e+00
-2.803385294078198253e+00
-2.805096231779544702e+00
-2.798062301986699918e+00
-2.799744110296380928e+00
-2.792773241953479868e+00
-2.794426059304578214e+00
-2.787517717435475717e+00
-2.789141682274650869e+00
-2.782295338530397455e+00
-2.783890589288689377e+00
-2.777105721832323404e+00
-2.778672396897361452e+00
-2.771948490291193501e+00
-2.773486727980764233e+00
-2.766823273076087553e+00
-2.768333211613009492e+00
-2.761729705442178329e+00
-2.763211482930403751e+00
-2.756667428601136116e+00
-2.758121183003018562e+00
-2.751636089594946988e+00
-2.753061958709617230e+00
-2.746635341172942724e+00
-2.748033462615740774e+00
-2.741664841672043273e+00
-2.743035352854994446e+00
-2.736724254900063880e+00
-2.738067293013315862e+00
-2.731813250022036232e+00
-2.733128952016231850e+00
-2.726931501449415762e+00
-2.728220004018979239e+00
-2.722078688732104013e+00
-2.723340128299363894e+00
-2.717254496453213264e+00
-2.718489009153347347e+00
-2.712458614126442846e+00
-2.713666335793205153e+00
-2.707690736096058259e+00
-2.708871802248256522e+00
-2.702950561439322552e+00
-2.704105107268016894e+00
-2.698237793871381740e+00
-2.699365954227752606e+00
-2.693552141652473253e+00
-2.694654051036355025e+00
-2.688893317497415225e+00
-2.689969110046464440e+00
-2.684261038487318896e+00
-2.685310847966760228e+00
-2.679655025983433525e+00
-2.680678985776402623e+00
-2.675075005543094520e+00
-2.676073248641513747e+00
-2.670520706837671288e+00
-2.671493365833660150e+00
-2.665991863572518383e+00
-2.666939070650309773e+00
-2.661488213408811809e+00
-2.662410100337126551e+00
-2.657009497887242055e+00
-2.657906196012151945e+00
-2.652555462353544335e+00
-2.653427102591761955e+00
-2.648125855885743007e+00
-2.648972568718329867e+00
-2.643720431223135492e+00
-2.644542346689626733e+00
-2.639338944696915767e+00
-2.640136192389812564e+00
-2.634981156162424565e+00
-2.635753865222062231e+00
-2.630646828932948544e+00
-2.631395128042732345e+00
-2.626335729715073342e+00
-2.627059747097030051e+00
-2.622047628545494558e+00
-2.622747491956153976e+00
-2.617782298729282253e+00
-2.618458135455882463e+00
-2.613539516779567418e+00
-2.614191453636529161e+00
-2.609319062358558039e+00
-2.609947225684265515e+00
-2.605120718219922082e+00
-2.605725233873757318e+00
-2.600944270152440119e+00
-2.601525263512094455e+00
-2.596789506924939150e+00
-2.597347102883949432e+00
-2.592656220232427700e+00
-2.593190543197963827e+00
-2.588544204643452584e+00
-2.589055378534332430e+00
-2.584453257548601446e+00
-2.584941405793509173e+00
-2.580383179110144365e+00
-2.580848424646065009e+00
-2.576333772212771489e+00
-2.576776237483622722e+00
-2.572304842415418236e+00
-2.572724649370869976e+00
-2.568296197904129219e+00
-2.568693467998595548e+00
-2.564307649445942250e+00
-2.564682503637756739e+00
-2.560339010343762656e+00
-2.560691569094516229e+00
-2.556390096392223032e+00
-2.556720479666245716e+00
-2.552460725834455602e+00
-2.552769053098467911e+00
-2.548550719319822910e+00
-2.548837109542716473e+00
-2.544659899862518504e+00
-2.544924471515270348e+00
-2.540788092801037568e+00
-2.541030963856775848e+00
-2.536935125758530418e+00
-2.537156413692700507e+00
-2.533100828603963794e+00
-2.533300650394618270e+00
-2.529285033414082395e+00
-2.529463505542297153e+00
-2.525487574436195537e+00
-2.525644812886576496e+00
-2.521708288051704550e+00
-2.521844408313007158e+00
-2.517947012740395785e+00
-2.518062129806242666e+00
-2.514203589045466813e+00
-2.514297817415148906e+00
-2.510477859539262724e+00
-2.510551313218632785e+00
-2.506769668789711414e+00
-2.506822461292178783e+00
-2.503078863327457437e+00
-2.503111107675026314e+00
-2.499405291613630897e+00
-2.499417100338053643e+00
-2.495748804008295352e+00
-2.495740289152274194e+00
-2.492109252739511227e+00
-2.492080525857970574e+00
-2.488486491873023176e+00
-2.488437664034458763e+00
-2.484880377282554509e+00
-2.484811559070432274e+00
-2.481290766620684263e+00
-2.481202068134898298e+00
-2.477717519290310477e+00
-2.477609050148713798e+00
-2.474160496416669908e+00
-2.474032365756629659e+00
-2.470619560819907079e+00
-2.470471877299927232e+00
-2.467094576988175358e+00
-2.466927448789571375e+00
-2.463585411051273599e+00
-2.463398945879871960e+00
-2.460091930754788159e+00
-2.459886235842685398e+00
-2.456614005434735404e+00
-2.456389187542086461e+00
-2.453151505992694936e+00
-2.452907671409540136e+00
-2.449704304871408667e+00
-2.449441559419546000e+00
-2.446272276030876824e+00
-2.445990725065745330e+00
-2.442855294924867859e+00
-2.442555043337484744e+00
-2.439453238477923502e+00
-2.439134390696835020e+00
-2.436065985062743966e+00
-2.435728645056007391e+00
-2.432693414478049654e+00
-2.432337685755241896e+00
-2.429335407926834556e+00
-2.428961393541082536e+00
-2.425991847995019768e+00
-2.425599650545051666e+00
-2.422662618630528009e+00
-2.422252340262748493e+00
-2.419347605122732503e+00
-2.418919347533316611e+00
-2.416046694082291335e+00
-2.415600558519278351e+00
-2.412759773421346399e+00
-2.412295860686783477e+00
-2.409486732334105152e+00
-2.409005142786170062e+00
-2.406227461277755886e+00
-2.405728294832917946e+00
-2.402981851953748915e+00
-2.402465208088930382e+00
-2.399749797289416176e+00
-2.399215775044159393e+00
-2.396531191419905227e+00
-2.395979889398567764e+00
-2.393325929670487184e+00
-2.392757446044423197e+00
-2.390133908539112007e+00
-2.389548341048886027e+00
-2.386955025679359910e+00
-2.386352471636935757e+00
-2.383789179883620157e+00
-2.383169736174592490e+00
-2.380636271066634446e+00
-2.380000034152422117e+00
-2.377496200249280101e+00
-2.376843266169372804e+00
-2.374368869542690774e+00
-2.373699333916850840e+00
-2.371254182132614297e+00
-2.370568140163112236e+00
-2.368152042264066726e+00
-2.367449588737915001e+00
-2.365062355226266178e+00
-2.364343584517429875e+00
-2.361985027337798027e+00
-2.361250033409438842e+00
-2.358919965932078533e+00
-2.358168842338771221e+00
-2.355867079343032966e+00
-2.355099919233002659e+00
-2.352826276891053947e+00
-2.352043173008390387e+00
-2.349797468869178729e+00
-2.348998513556062484e+00
-2.346780566529519163e+00
-2.345965851728442075e+00
-2.343775482069919036e+00
-2.342945099325896674e+00
-2.340782128620834790e+00
-2.339936169083621564e+00
-2.337800420232451604e+00
-2.336938974658746559e+00
-2.334830271862005979e+00
-2.333953430617654146e+00
-2.331871599361335701e+00
-2.330979452423528997e+00
-2.328924319464628745e+00
-2.328016956424089123e+00
-2.325988349776378250e+00
-2.325065859839550608e+00
-2.323063608759553311e+00
-2.322126080750783750e+00
-2.320150015723952297e+00
-2.319197538087659272e+00
-2.317247490814760003e+00
-2.316280151617594818e+00
-2.314355955001288212e+00
-2.313373841934295072e+00
-2.311475330065905887e+00
-2.310478530446676615e+00
-2.308605538593159423e+00
-2.307594139367967756e+00
-2.305746503959055893e+00
-2.304720591704997101e+00
-2.302898150320535464e+00
-2.301857811247643770e+00
-2.300060402605108134e+00
-2.299005722558477682e+00
-2.297233186500672986e+00
-2.296164250962563269e+00
-2.294416428445484435e+00
-2.293333322537419505e+00
-2.291610055618289010e+00
-2.290512864103143809e+00
-2.288813995928629996e+00
-2.287702803212708247e+00
-2.286028178007295075e+00
-2.284903068142400517e+00
-2.283252531196929613e+00
-2.282113587882422578e+00
-2.280486985542780509e+00
-2.279334292127627837e+00
-2.277731471783621675e+00
-2.276565111268431085e+00
-2.274985921342782547e+00
-2.273805976381838345e+00
-2.272250266319354672e+00
-2.271056819222627254e+00
-2.269524439479515099e+00
-2.268317572214673561e+00
-2.266808374248002966e+00
-2.265588168442406403e+00
-2.264102004699709791e+00
-2.262868541642395481e+00
-2.261405265551422517e+00
-2.260158626195075904e+00
-2.258718092153685575e+00
-2.257458357116606251e+00
-2.256040420482783748e+00
-2.254767670050843442e+00
-2.253372187132872906e+00
-2.252086501261437057e+00
-2.250713329308192012e+00
-2.249414787624074652e+00
-2.248063784815449218e+00
-2.246752466618810118e+00
-2.245423492056270121e+00
-2.244099476322532816e+00
-2.242792390019807236e+00
-2.241455755401547734e+00
-2.240170418275432063e+00
-2.238821243104264891e+00
-2.237557516965559046e+00
-2.236195879254013086e+00
-2.234953626798559245e+00
-2.233579604241932248e+00
-2.232358689041805455e+00
-2.230972359020016782e+00
-2.229772645514798146e+00
-2.228374085094228629e+00
-2.227195438582419307e+00
-2.225784724517731128e+00
-2.224627011148267997e+00
-2.223204219884219679e+00
-2.222067306648096263e+00
-2.220632514321352335e+00
-2.219516269043369849e+00
-2.218069551484280311e+00
-2.216973842814883522e+00
-2.215515275549277519e+00
-2.214439972956515845e+00
-2.212969631207455379e+00
-2.211914604969037246e+00
-2.210432563658583760e+00
-2.209397684854040200e+00
-2.207904018604991414e+00
-2.206889159107927156e+00
-2.205383942245556561e+00
-2.204388974716034344e+00
-2.202872281269804056e+00
-2.201897079146785341e+00
-2.200368982852069166e+00
-2.199413420345979198e+00
-2.197873994645744400e+00
-2.196937946731124303e+00
-2.195387264777632907e+00
-2.194470607185885491e+00
-2.192908741842363174e+00
-2.192011351054591550e+00
-2.190438374896888085e+00
-2.189560128136825323e+00
-2.187976113455073701e+00
-2.187116888682103966e+00
-2.185521907482355086e+00
-2.184681583384616932e+00
-2.183075707390474740e+00
-2.182254163378061662e+00
-2.180637464032294304e+00
-2.179834580230525010e+00
-2.178207128696682204e+00
-2.177422785939472583e+00
-2.175784653103473687e+00
-2.175018732926780718e+00
-2.173369989398500568e+00
