-1.463827093410281277e+00
-1.446695756835152391e+00
-1.438220608836972669e+00
-1.428724202738793192e+00
-1.422724188526660161e+00
-1.416721663445644097e+00
-1.412429123678661469e+00
-1.408553849090736332e+00
-1.405563763232692942e+00
-1.403095382970624971e+00
-1.401189414315838100e+00
-1.399379012729513372e+00
-1.397973438915340871e+00
-1.396884330987168132e+00
-1.395883692889227756e+00
-1.395029724388214154e+00
-1.394271311928252377e+00
-1.393587249625830804e+00
-1.393014009909249618e+00
-1.392461504169655306e+00
-1.391985317019765800e+00
-1.391605677526432050e+00
-1.391209925166396744e+00
-1.390856138680019338e+00
-1.390493516212041536e+00
-1.390246706034704793e+00
-1.389925869877343789e+00
-1.389662772501521815e+00
-1.389350964327041194e+00
-1.389171572510442765e+00
-1.388889319165387048e+00
-1.388676503481354629e+00
-1.388392211390974795e+00
-1.388252361319577410e+00
-1.387993180454906383e+00
-1.387812380773305598e+00
-1.387545533464737302e+00
-1.387431521929526568e+00
-1.387187698743489017e+00
-1.387028881865919772e+00
-1.386773998229591243e+00
-1.386677851066576705e+00
-1.386444904356677554e+00
-1.386301765978022127e+00
-1.386055360847851636e+00
-1.385971849480084117e+00
-1.385746829813789383e+00
-1.385615074258413237e+00
-1.385374753097471823e+00
-1.385300245083371129e+00
-1.385081082832290811e+00
-1.384957662001869538e+00
-1.384721719433092524e+00
-1.384653629333464142e+00
-1.384438836204151091e+00
-1.384321552187228743e+00
-1.384088757475373299e+00
-1.384025228050075329e+00
-1.383813724520817745e+00
-1.383700983962274034e+00
-1.383470446901085005e+00
-1.383410140877803007e+00
-1.383201141647658616e+00
-1.383091787557055863e+00
-1.382862865390262819e+00
-1.382804820505572518e+00
-1.382597753749442493e+00
-1.382490945441396946e+00
-1.382263175475482386e+00
-1.382206700601377403e+00
-1.382001149624797254e+00
-1.381896275808208951e+00
-1.381669326136998555e+00
-1.381613926123689939e+00
-1.381409586876420903e+00
-1.381306202510342862e+00
-1.381079835991762206e+00
-1.381025157189131880e+00
-1.380821807319788208e+00
-1.380719587750788735e+00
-1.380493635744079128e+00
-1.380439426538295322e+00
-1.380236902898758444e+00
-1.380135610600291773e+00
-1.379909953877978435e+00
-1.379856036140986619e+00
-1.379654218467190052e+00
-1.379553678955457885e+00
-1.379328233866916165e+00
-1.379274482327218943e+00
-1.379073281420537089e+00
-1.378973365836541731e+00
-1.378748074299110948e+00
-1.378694401652309498e+00
-1.378493750830915632e+00
-1.378394363354643826e+00
-1.378169185624843029e+00
-1.378115531796468396e+00
-1.377915380717031901e+00
-1.377816449478409533e+00
-1.377591358937336086e+00
-1.377537683345705144e+00
-1.377337993540301841e+00
-1.377239464057398832e+00
-1.377014443452751147e+00
-1.376960719437235525e+00
-1.376761461089892169e+00
-1.376663291532036926e+00
-1.376438330272207411e+00
-1.376384541083368607e+00
-1.376185690701776876e+00
-1.376087848469639496e+00
-1.375862940676968904e+00
-1.375809076592593883e+00
-1.375610615325871144e+00
-1.375513074581552697e+00
-1.375288217693000581e+00
-1.375234273945491914e+00
-1.375036186368021829e+00
-1.374938926250270477e+00
-1.374714120012655583e+00
-1.374660095300820783e+00
-1.374462368532301415e+00
-1.374365371865787111e+00
-1.374140617615269733e+00
-1.374086513036989921e+00
-1.373889136104976760e+00
-1.373792388465787884e+00
-1.373567688612045146e+00
-1.373513506899924685e+00
-1.373316470277276435e+00
-1.373219959315336025e+00
-1.372995316973102398e+00
-1.372941061948165675e+00
-1.372744357216690192e+00
-1.372648072163456412e+00
-1.372423490890115838e+00
-1.372369167072366558e+00
-1.372172786677504197e+00
-1.372076717987358752e+00
-1.371852201596763354e+00
-1.371797813928584020e+00
-1.371601750999856151e+00
-1.371505890087961310e+00
-1.371281442519101113e+00
-1.371226996169697010e+00
-1.371031244388622561e+00
-1.370935583438475103e+00
-1.370711208663491165e+00
-1.370656708891562880e+00
-1.370461262393928514e+00
-1.370365794215250732e+00
-1.370141496175704798e+00
-1.370086948233914637e+00
-1.369891801536871512e+00
-1.369796519459946627e+00
-1.369572302023324806e+00
-1.369517711092679058e+00
-1.369322859039868945e+00
-1.369227756836256082e+00
-1.369003623766930300e+00
-1.368948994912596584e+00
-1.368754432632331985e+00
-1.368659504454758036e+00
-1.368435459395278997e+00
-1.368380797537665394e+00
-1.368186520410672680e+00
-1.368091760746819929e+00
-1.367867807206549768e+00
-1.367813117103279241e+00
-1.367619120737355587e+00
-1.367524524373849637e+00
-1.367300665722782860e+00
-1.367245951958364181e+00
-1.367052232168146420e+00
-1.366957794161986373e+00
-1.366734033628220990e+00
-1.366679300609148662e+00
-1.366485853399665995e+00
-1.366391569055123156e+00
-1.366167909724889551e+00
-1.366113161678540688e+00
-1.365919983231533630e+00
-1.365825848081126281e+00
-1.365602292900550019e+00
-1.365547533876718012e+00
-1.365354620539058317e+00
-1.365260630327566949e+00
-1.365037182105636626e+00
-1.364982415979820285e+00
-1.364789764253523829e+00
-1.364695914924286324e+00
-1.364472576336589471e+00
-1.364417806814496981e+00
-1.364225413347933902e+00
-1.364131701030899757e+00
-1.363908474623845013e+00
-1.363853705246643067e+00
-1.363661566826708693e+00
-1.363567987827837724e+00
-1.363344876023181884e+00
-1.363290110173193792e+00
-1.363098223718212321e+00
-1.363004774509946726e+00
-1.362781779609445687e+00
-1.362727020516107723e+00
-1.362535383069338524e+00
-1.362442060281940703e+00
-1.362219184472037270e+00
-1.362164435217926073e+00
-1.361973043941582251e+00
-1.361879844355139646e+00
-1.361657089711642010e+00
-1.361602353238493546e+00
-1.361411205408145531e+00
-1.361318125945191637e+00
-1.361095494437856601e+00
-1.361040773552510963e+00
-1.360849866551868015e+00
-1.360756904270471246e+00
-1.360534397767474202e+00
-1.360479695147666757e+00
-1.360289026463659567e+00
-1.360196178550962642e+00
-1.359973798823244540e+00
-1.359919117023239199e+00
-1.359728684241372498e+00
-1.359635948007485995e+00
-1.359413696732963306e+00
-1.359359038189009050e+00
-1.359168838988950689e+00
-1.359076211861196537e+00
-1.358854090628801137e+00
-1.358799457664374710e+00
-1.358609489815802540e+00
-1.358516969333260382e+00
-1.358294979646838652e+00
-1.358240374477694079e+00
-1.358050635836300035e+00
-1.357958219644632258e+00
-1.357736362926690976e+00
-1.357681787665709239e+00
-1.357492276169437684e+00
-1.357399962015966688e+00
-1.357178239611256831e+00
-1.357123696273087488e+00
-1.356934409938514552e+00
-1.356842195667557815e+00
-1.356620608846512921e+00
-1.356566099352030097e+00
-1.356377036270933090e+00
-1.356284919819338963e+00
-1.356063469781381814e+00
-1.356008995961927255e+00
-1.355820154298010394e+00
-1.355728133690919046e+00
-1.355506821567608711e+00
-1.355452385169067853e+00
-1.355263763154828105e+00
-1.355171836501628091e+00
-1.354950663359673735e+00
-1.354896266046374143e+00
-1.354707861980103401e+00
-1.354616027470589623e+00
-1.354394994314748857e+00
-1.354340637673160153e+00
-1.354152449916101286e+00
-1.354060705816782617e+00
-1.353839813592620178e+00
-1.353785499134914083e+00
-1.353597526108519578e+00
-1.353505870759136531e+00
-1.353285120355661064e+00
-1.353230849523102686e+00
-1.353043089706440494e+00
-1.352951521516601474e+00
-1.352730913768794618e+00
-1.352676687934981636e+00
-1.352489139862232292e+00
-1.352397657308235246e+00
-1.352177192999472588e+00
-1.352123013473419899e+00
-1.351935675731506414e+00
-1.351844277353288382e+00
-1.351623957217645611e+00
-1.351569825246744294e+00
-1.351382696473049538e+00
-1.351291380871299408e+00
-1.351071205595746783e+00
-1.351017122368582069e+00
-1.350830201248770290e+00
-1.350738967082137698e+00
-1.350518937308669010e+00
-1.350464903957711016e+00
-1.350278189223660164e+00
-1.350187035206118713e+00
-1.349967151533758791e+00
-1.349913169137927582e+00
-1.349726659565729348e+00
-1.349635584464068172e+00
-1.349415847450800454e+00
-1.349361917037920966e+00
-1.349175611445992962e+00
-1.349084614077389555e+00
-1.348865024241997279e+00
-1.348811146791136339e+00
-1.348625044038399112e+00
-1.348534123268127383e+00
-1.348314681091962619e+00
-1.348260857535671153e+00
-1.348074956519813794e+00
-1.347984111259055595e+00
-1.347764817187714570e+00
-1.347711048414152790e+00
-1.347525348069970264e+00
-1.347434577273720180e+00
-1.347215431718659540e+00
-1.347161718573635092e+00
-1.346976217871448389e+00
-1.346885520536519110e+00
-1.346666523876585142e+00
-1.346612867165492444e+00
-1.346427565109632685e+00
-1.346336940272744309e+00
-1.346118092855650872e+00
-1.346064493345329405e+00
-1.345879388972679447e+00
-1.345788835708647380e+00
-1.345570137852379444e+00
-1.345516596272883003e+00
-1.345331688651499213e+00
-1.345241206071489781e+00
-1.345022658065642140e+00
-1.344969175111927484e+00
-1.344784463339715019e+00
-1.344694050589594569e+00
-1.344475652696662138e+00
-1.344422229030199256e+00
-1.344237712233642190e+00
-1.344147368492396577e+00
-1.343929120948998968e+00
-1.343875757199308962e+00
-1.343691434532259255e+00
-1.343601159010483714e+00
-1.343383062028530528e+00
-1.343329758794665763e+00
-1.343145629437187294e+00
-1.343055421375646485e+00
-1.342837475143470183e+00
-1.342784232995397398e+00
-1.342600296152664630e+00
-1.342510154820916402e+00
-1.342292359504327903e+00
-1.342239178984285797e+00
-1.342055433885511073e+00
-1.341965358580602397e+00
-1.341747714323932694e+00
-1.341694595947692026e+00
-1.341511041845129037e+00
-1.341421031890333015e+00
-1.341203538817398622e+00
-1.341150483075490563e+00
-1.340967119243461347e+00
-1.340877173987089943e+00
-1.340659832202132362e+00
-1.340606839561014452e+00
-1.340423665294983246e+00
-1.340333784109249304e+00
-1.340116593697824321e+00
-1.340063664600976923e+00
-1.339880679216668646e+00
-1.339790861496590102e+00
-1.339573822526432867e+00
-1.339520957395431200e+00
-1.339338160227985242e+00
-1.339248405390352614e+00
-1.339031517912184555e+00
-1.338978717147706554e+00
-1.338796107550867420e+00
-1.338706415033253716e+00
-1.338489679081559025e+00
-1.338436943064350793e+00
-1.338254520409694504e+00
-1.338164889669506863e+00
-1.337948305263292337e+00
-1.337895634355086294e+00
-1.337713398031291412e+00
-1.337623828544865390e+00
-1.337407395688354317e+00
-1.337354790232753832e+00
-1.337172739644875818e+00
-1.337083230906621623e+00
-1.336866949589954334e+00
-1.336814409913265500e+00
-1.336632544482082352e+00
-1.336543096003657061e+00
-1.336326966203525757e+00
-1.336274492615564080e+00
-1.336092811776915745e+00
-1.336003423086438602e+00
-1.335787444766718846e+00
-1.335735037561570193e+00
-1.335553540765747060e+00
-1.335464211407054069e+00
-1.335248384519395870e+00
-1.335196043976151437e+00
-1.335014730687300588e+00
-1.334925460219224647e+00
-1.334709784703624891e+00
-1.334657511087060211e+00
-1.334476380782631200e+00
-1.334387168778326860e+00
-1.334171644563655335e+00
-1.334119438124925061e+00
-1.333938490295108581e+00
-1.333849336341397684e+00
-1.333633963345940865e+00
-1.333581824323183840e+00
-1.333401058470415013e+00
-1.333311962167163855e+00
-1.333096740299101413e+00
-1.333044668918057063e+00
-1.332864084556516726e+00
-1.332775045516042978e+00
-1.332559974673933612e+00
-1.332507971148524595e+00
-1.332327567803658352e+00
-1.332238585650165952e+00
-1.332023665723395034e+00
-1.331971730256267028e+00
-1.331791507464346047e+00
-1.331702581833387189e+00
-1.331487812702595308e+00
-1.331435945485653694e+00
-1.331255902793335721e+00
-1.331167033331294824e+00
-1.330952414868798339e+00
-1.330900616083701582e+00
-1.330720753047615945e+00
-1.330631939411217601e+00
-1.330417471481394776e+00
-1.330365741300043592e+00
-1.330186057486402618e+00
-1.330097299342235306e+00
-1.329882981801917552e+00
-1.329831320386901439e+00
-1.329651815371118317e+00
-1.329563112395198310e+00
-1.329348945094019463e+00
-1.329297352599059234e+00
-1.329118025965388972e+00
-1.329029377842718240e+00
-1.328815360623466946e+00
-1.328763837193829511e+00
-1.328584688535015879e+00
-1.328496094959188856e+00
-1.328282227658128978e+00
-1.328230773431025469e+00
-1.328051802347984811e+00
-1.327963263020784712e+00
-1.327749545467982628e+00
-1.327698160572945207e+00
-1.327519366674435375e+00
-1.327430881305475152e+00
-1.327217313325081971e+00
-1.327165997884336646e+00
-1.326987380786663007e+00
-1.326898949093023194e+00
-1.326685530503581845e+00
-1.326634284632374428e+00
-1.326455843959099656e+00
-1.326367465664982870e+00
-1.326154196279696329e+00
-1.326103020086638828e+00
-1.325924755468302241e+00
-1.325836430304724090e+00
-1.325623309931711624e+00
-1.325572203519091108e+00
-1.325394114592945760e+00
-1.325305842297419545e+00
-1.325092870739970952e+00
-1.325041834204051305e+00
-1.324863920613813084e+00
-1.324775700930054922e+00
-1.324562877986871001e+00
-1.324511911418177590e+00
-1.324334172813780519e+00
-1.324246005491422240e+00
-1.324033330956845944e+00
-1.323982434440439171e+00
-1.323804870477807594e+00
-1.323716755272140055e+00
-1.323504228936371430e+00
-1.323453402552108749e+00
-1.323276012892927067e+00
-1.323187949564631261e+00
-1.322975571213940604e+00
-1.322924815036726987e+00
-1.322747599348234715e+00
-1.322659587663152392e+00
-1.322447357080070773e+00
-1.322396671180096295e+00
-1.322219629134881114e+00
-1.322131668863765874e+00
-1.321919585827285637e+00
-1.321868970270248855e+00
-1.321692101546058096e+00
-1.321604192464360672e+00
-1.321392256750113514e+00
-1.321341711597446400e+00
-1.321165015876992532e+00
-1.321077157764646071e+00
-1.320865369145074908e+00
-1.320814894454141575e+00
-1.320638371424928126e+00
-1.320550564066148791e+00
-1.320338922310685170e+00
-1.320288518134974831e+00
-1.320112167489132071e+00
-1.320024410672219206e+00
-1.319812915547420751e+00
-1.319762581936755330e+00
-1.319586403370864414e+00
-1.319498696888020461e+00
-1.319287348157743178e+00
-1.319237085158437850e+00
-1.319061078373391371e+00
-1.318973422020535580e+00
-1.318762219446070194e+00
-1.318712027101110351e+00
-1.318536191801948698e+00
-1.318448585378564353e+00
-1.318237528718772644e+00
-1.318187407067985317e+00
-1.318011742963761224e+00
-1.317924186272722231e+00
-1.317713275284174479e+00
-1.317663224364373775e+00
-1.317487731168010878e+00
-1.317400224015436994e+00
-1.317189458452530770e+00
-1.317139478297671307e+00
-1.316964155725840691e+00
-1.316876697920938533e+00
-1.316666077536031931e+00
-1.316616168177358936e+00
-1.316441015950341908e+00
-1.316353607305274176e+00
-1.316143131848785064e+00
-1.316093293314958057e+00
-1.315918311156545784e+00
-1.315830951486296918e+00
-1.315620620706823063e+00
-1.315570853024047970e+00
-1.315396040661407806e+00
-1.315308729783654096e+00
-1.315098543428079303e+00
-1.315048846620237910e+00
-1.314874203783807705e+00
-1.314786941518798269e+00
-1.314576899332385640e+00
-1.314527273421151943e+00
-1.314352799844540787e+00
-1.314265586014975895e+00
-1.314055687741467748e+00
-1.314006132746419198e+00
-1.313831828166303728e+00
-1.313744662597223334e+00
-1.313534907978934685e+00
-1.313485423917661654e+00
-1.313311288073687688e+00
-1.313224170592376616e+00
-1.313014559370275336e+00
-1.312965146258476379e+00
-1.312791178893171429e+00
-1.312704109329046798e+00
-1.312494641242843318e+00
-1.312445299094434858e+00
-1.312271499953112874e+00
-1.312184478137629062e+00
-1.311975152925852761e+00
-1.311925881753058132e+00
-1.311752250583737123e+00
-1.311665276350298281e+00
-1.311456093750373197e+00
-1.311406893563809239e+00
-1.311233430117136001e+00
-1.311146503300999910e+00
-1.310937463049325125e+00
-1.310888333858085453e+00
-1.310715037887248968e+00
-1.310628158325450654e+00
-1.310419260157456023e+00
-1.310370201969203841e+00
-1.310197073229865783e+00
-1.310110240761138689e+00
-1.309901484411355899e+00
-1.309852497232385726e+00
-1.309679535482614288e+00
-1.309592749947296797e+00
-1.309384135149429529e+00
-1.309335218984756466e+00
-1.309162423984942203e+00
-1.309075685224928565e+00
-1.308867211711901124e+00
-1.308818366565325908e+00
-1.308645738078132004e+00
-1.308559045936781295e+00
-1.308350713440807667e+00
-1.308301939314977069e+00
-1.308129477105272276e+00
-1.308042831427352226e+00
-1.307834639679982924e+00
-1.307785936576463248e+00
-1.307613640411252831e+00
-1.307527041042875648e+00
-1.307318989775049012e+00
-1.307270357694383600e+00
-1.307098227342770480e+00
-1.307011674131331791e+00
-1.306803763073423275e+00
-1.306755202015198680e+00
-1.306583237248304608e+00
-1.306496730042421950e+00
-1.306288958924301413e+00
-1.306240468887193362e+00
-1.306068669478126942e+00
-1.305982208127580257e+00
-1.305774576678646604e+00
-1.305726157660476616e+00
-1.305554523384273580e+00
-1.305468107739961248e+00
-1.305260615689191717e+00
-1.305212267686979732e+00
-1.305040798320549866e+00
-1.304954428234433861e+00
-1.304747075310422222e+00
-1.304698798320439224e+00
-1.304527493642524405e+00
-1.304441168967586551e+00
-1.304233954898573966e+00
-1.304185748916380172e+00
-1.304014608707518175e+00
-1.303928329297700639e+00
-1.303721253811636949e+00
-1.303673118832127331e+00
-1.303502142874594094e+00
-1.303415908584768301e+00
-1.303208971409317574e+00
-1.303160907426778703e+00
-1.302990095504553025e+00
-1.302903906190471695e+00
-1.302697107053073289e+00
-1.302649114061200430e+00
-1.302478465959928888e+00
-1.302392321478182957e+00
-1.302185660106066845e+00
-1.302137738098021913e+00
-1.301967253604974895e+00
-1.301881153812962211e+00
-1.301674629933180061e+00
-1.301626778901622483e+00
-1.301456457805661771e+00
-1.301370402561548456e+00
-1.301164015901008941e+00
-1.301116235838128521e+00
-1.300946077929670208e+00
-1.300860067092348693e+00
-1.300653817377846799e+00
-1.300606108275395245e+00
-1.300436113346382871e+00
-1.300350146775441695e+00
-1.300144033733678928e+00
-1.300096395583010933e+00
-1.299926563426867521e+00
-1.299840640982566686e+00
-1.299634664340182377e+00
-1.299587097132280933e+00
-1.299417427543895442e+00
-1.299331549087121784e+00
-1.299125708570710191e+00
-1.299078212296213897e+00
-1.298908705071905700e+00
-1.298822870464154899e+00
-1.298617165800291851e+00
-1.298569740449529331e+00
-1.298400395387014239e+00
-1.298314604490356627e+00
-1.298109035405627498e+00
-1.298061680968634279e+00
-1.297892497867003447e+00
-1.297806750544062915e+00
-1.297601316765070401e+00
-1.297554033231624659e+00
-1.297385011891322382e+00
-1.297299308005238849e+00
-1.297094009258630942e+00
-1.297046796618269937e+00
-1.296877936841060563e+00
-1.296792276255477105e+00
-1.296587112267968411e+00
-1.296539970510017348e+00
-1.296371272098962635e+00
-1.296285654678002164e+00
-1.296080625176380341e+00
-1.296033554289975243e+00
-1.295865017049409040e+00
-1.295779442657642999e+00
-1.295574547368798068e+00
-1.295527547342897101e+00
-1.295359171078415361e+00
-1.295273639580847513e+00
-1.295068878231778298e+00
-1.295021949055200405e+00
-1.294853733573623877e+00
-1.294768244835666771e+00
-1.294563617153504875e+00
-1.294516758814926449e+00
-1.294348703924291133e+00
-1.294263257811751888e+00
-1.294058763523768807e+00
-1.294011976011760545e+00
-1.293844081521293043e+00
-1.293758677900352483e+00
-1.293554316733970921e+00
-1.293507600037009819e+00
-1.293339865757107576e+00
-1.293254504494298462e+00
-1.293050276177117652e+00
-1.293003630283598326e+00
-1.292836056025815861e+00
-1.292750736988006910e+00
-1.292546641247803274e+00
-1.292500066146065496e+00
-1.292332651723089754e+00
-1.292247374777474977e+00
-1.292043411342217230e+00
-1.291996907020543706e+00
-1.291829652246188065e+00
-1.291744417260266120e+00
-1.291540585858125034e+00
-1.291494152304777154e+00
-1.291327056993955447e+00
-1.291241863835510317e+00
-1.291038164194877602e+00
-1.290991801398090777e+00
-1.290824865366806629e+00
-1.290739713903900299e+00
-1.290536145753385711e+00
-1.290489853701398015e+00
-1.290323076766725752e+00
-1.290237966867679997e+00
-1.290034529936122887e+00
-1.289988308617182611e+00
-1.289821690597254378e+00
-1.289736622130642552e+00
-1.289533316147134734e+00
-1.289487165549501491e+00
-1.289320706263497707e+00
-1.289235679098127862e+00
-1.289032503792000517e+00
-1.288986423903974332e+00
-1.288820123172107701e+00
-1.288735137177011048e+00
-1.288532092277856256e+00
-1.288486083087778455e+00
-1.288319940731271762e+00
-1.288234995775691338e+00
-1.288032081013368968e+00
-1.287986142509638832e+00
-1.287820158350729161e+00
-1.287735254304108068e+00
-1.287532469408743552e+00
-1.287486601579821421e+00
-1.287320775441737952e+00
-1.287235912173707142e+00
-1.287033256875714349e+00
-1.286987459710135839e+00
-1.286821791417085636e+00
-1.286736968797463465e+00
-1.286534442827527158e+00
-1.286488716313911596e+00
-1.286323205691080274e+00
-1.286238423589846303e+00
-1.286036026678949451e+00
-1.285990370806013861e+00
-1.285825017679541604e+00
-1.285740275966838375e+00
-1.285538007846259712e+00
-1.285492422602814599e+00
-1.285327226799794165e+00
-1.285242525345918541e+00
-1.285040385747235892e+00
-1.284994871122207005e+00
-1.284829832470669508e+00
-1.284745171146057796e+00
-1.284543159801147416e+00
-1.284497715783577965e+00
-1.284332834112485777e+00
-1.284248212787709731e+00
-1.284046329428765176e+00
-1.284000956007819827e+00
-1.283836231147061691e+00
-1.283751649692819186e+00
-1.283549894052345319e+00
-1.283504591217324187e+00
-1.283340022997691898e+00
-1.283255481284800048e+00
-1.283053853095611707e+00
-1.283008620835957458e+00
-1.282844209089149423e+00
-1.282759706988536585e+00
-1.282558205983779009e+00
-1.282513044289067317e+00
-1.282348788847680776e+00
-1.282264326230378559e+00
-1.282062952143514512e+00
-1.282017861003487358e+00
-1.281853761700999295e+00
-1.281769338438142780e+00
-1.281568091002956766e+00
-1.281523070407504905e+00
-1.281359127078280924e+00
-1.281274743041086239e+00
-1.281073621991703160e+00
-1.281028671930878327e+00
-1.280864884410151339e+00
-1.280780539469923429e+00
-1.280579544540794590e+00
-1.280534665004827044e+00
-1.280371033128693048e+00
-1.280286727156819016e+00
-1.280085858082721018e+00
-1.280041049062010217e+00
-1.279877572667423635e+00
-1.279793305535360526e+00
-1.279592562051417026e+00
-1.279547823536537621e+00
-1.279384502461301309e+00
-1.279300274040579666e+00
-1.279099655882244946e+00
-1.279054987863963877e+00
-1.278891821946728458e+00
-1.278807632108926562e+00
-1.278607139012001515e+00
-1.278562541481266246e+00
-1.278399530561519448e+00
-1.278315379178281308e+00
-1.278115010878900115e+00
-1.278070483826858617e+00
-1.277907627744914842e+00
-1.277823514687940420e+00
-1.277623270922578325e+00
-1.277578814340573299e+00
-1.277416112937576287e+00
-1.277332038078605514e+00
-1.277131918584089920e+00
-1.277087532463658137e+00
-1.276924985581571192e+00
-1.276840948792393071e+00
-1.276640953305882675e+00
-1.276596637638777176e+00
-1.276434245120377842e+00
-1.276350246272812683e+00
-1.276150374531817899e+00
-1.276106129309994230e+00
-1.275943890998862962e+00
-1.275859929964769268e+00
-1.275660181707148899e+00
-1.275616006922781542e+00
-1.275453922663304596e+00
-1.275369999314569514e+00
-1.275170374278519647e+00
-1.275126269923991806e+00
-1.274964339561360571e+00
-1.274880453769892785e+00
-1.274680951693962783e+00
-1.274636917761880150e+00
-1.274475141142070944e+00
-1.274391292779807783e+00
-1.274191913402894727e+00
-1.274147949886078601e+00
-1.273986326855859552e+00
-1.273902515794753887e+00
-1.273703258856092368e+00
-1.273659365747603189e+00
-1.273497896154523357e+00
-1.273414122266541826e+00
-1.273214987505717488e+00
-1.273171164798833743e+00
-1.273009848491224227e+00
-1.272926111648344349e+00
-1.272727098805296331e+00
-1.272683346493530321e+00
-1.272522183320495603e+00
-1.272438483394701558e+00
-1.272239592209704728e+00
-1.272195910286802789e+00
-1.272034900098219845e+00
-1.271951236961501586e+00
-1.271752467175181645e+00
-1.271708855635128366e+00
-1.271547998281635783e+00
-1.271464371805987703e+00
-1.271265723159316074e+00
-1.271222181996331857e+00
-1.271061477329328060e+00
-1.270977887386739891e+00
-1.270779359621036164e+00
-1.270735888829581439e+00
-1.270575336701235791e+00
-1.270491783163690158e+00
-1.270293376020612541e+00
-1.270249975595397984e+00
-1.270089575858620590e+00
-1.270006058598097454e+00
-1.269807771819647879e+00
-1.269764441755625084e+00
-1.269604194264085884e+00
-1.269520713152550995e+00
-1.269322546481080671e+00
-1.269279286773444593e+00
-1.269119191381557821e+00
-1.269035746290968714e+00
-1.268837699469166802e+00
-1.268794510113373519e+00
-1.268634566676293263e+00
-1.268551157478585267e+00
-1.268353230249483765e+00
-1.268310111241235383e+00
-1.268150319614858246e+00
-1.268066946181956256e+00
-1.267869138288928887e+00
-1.267826089624175978e+00
-1.267666449665139083e+00
-1.267583111868940016e+00
-1.267385423055698013e+00
-1.267342444730655826e+00
-1.267182956296325047e+00
-1.267099654008708942e+00
-1.266902084019301711e+00
-1.266859176030439738e+00
-1.266699838978912362e+00
-1.266616572071729729e+00
-1.266419120650548180e+00
-1.266376282994590152e+00
-1.266217097184691109e+00
-1.266133865529771807e+00
-1.265936532421536365e+00
-1.265893765095475576e+00
-1.265734730386756546e+00
-1.265651533855889577e+00
-1.265454318805659062e+00
-1.265411621806747267e+00
-1.265252738059475579e+00
-1.265169576524431960e+00
-1.264972479277598261e+00
-1.264929852603350335e+00
-1.264771119678517630e+00
-1.264687993011022860e+00
-1.264491013313312040e+00
-1.264448456961505096e+00
-1.264289874720816220e+00
-1.264206782792563599e+00
-1.264009920390033903e+00
-1.263967434358718167e+00
-1.263809002664588288e+00
-1.263725945347233814e+00
-1.263529199986269003e+00
-1.263486784273760932e+00
-1.263328502989319757e+00
-1.263245480154481015e+00
-1.263048851581791698e+00
-1.263006506186675981e+00
-1.262848375175758431e+00
-1.262765386695011038e+00
-1.262568874657639784e+00
-1.262526599578769115e+00
-1.262368618705919321e+00
-1.262285664450791156e+00
-1.262089268696101829e+00
-1.262047063932607127e+00
-1.261889233063065552e+00
-1.261806312905046745e+00
-1.261610033180724511e+00
-1.261567898732009141e+00
-1.261410217731719685e+00
-1.261327331542243524e+00
-1.261131167596298841e+00
-1.261089103462042171e+00
-1.260931572197646844e+00
-1.260848719848104649e+00
-1.260652671428870608e+00
-1.260610677609016683e+00
-1.260453295947856045e+00
-1.260370477309586068e+00
-1.260174544165707733e+00
-1.260132620660492364e+00
-1.259975388470589319e+00
-1.259892603414880963e+00
