-2.581691045159795195e+01
-1.123409480481126366e+01
-8.406514018157446699e+00
-6.950503561103538175e+00
-6.023320426023833107e+00
-5.372369073214100510e+00
-4.890922141539103762e+00
-4.523638268153785447e+00
-4.237663744847930403e+00
-4.011721805573308153e+00
-3.831226286378831336e+00
-3.685778952425360799e+00
-3.567752564035141738e+00
-3.471428362646269417e+00
-3.392442673870173842e+00
-3.327417553461731625e+00
-3.273706537093114655e+00
-3.229215160464014911e+00
-3.192271545261442078e+00
-3.161531363207410461e+00
-3.135906919543079763e+00
-3.114513480267737222e+00
-3.096628135889262445e+00
-3.081657918079578007e+00
-3.069114839897876923e+00
-3.058596181742533560e+00
-3.049768797373397344e+00
-3.042356532933832902e+00
-3.036130079492961098e+00
-3.030898744326363747e+00
-3.026503746793468785e+00
-3.022812734060654094e+00
-3.019715278884025800e+00
-3.017119172355578804e+00
-3.014947363269306013e+00
-3.013135425668944656e+00
-3.011629459421561794e+00
-3.010384346937265310e+00
-3.009362303611517575e+00
-3.008531671081667191e+00
-3.007865911620350552e+00
-3.007342769431104568e+00
-3.006943570643283881e+00
-3.006652638714148562e+00
-3.006456805960019629e+00
-3.006345005231440659e+00
-3.006307928456458445e+00
-3.006337741011761100e+00
-3.006427842729765487e+00
-3.006572667881253658e+00
-3.006767517744353135e+00
-3.007008420427124573e+00
-3.007292013490023841e+00
-3.007615445647055630e+00
-3.007976294434917985e+00
-3.008372497249000688e+00
-3.008802293570460140e+00
-3.009264176563916759e+00
-3.009756852522370796e+00
-3.010279206884186820e+00
-3.010830275754665664e+00
-3.011409222038468503e+00
-3.012015315434498408e+00
-3.012647915666523790e+00
-3.013306458424681367e+00
-3.013990443578199230e+00
-3.014699425291137214e+00
-3.015433003732696626e+00
-3.016190818123639872e+00
-3.016972540902460143e+00
-3.017777872829812580e+00
-3.018606538879407886e+00
-3.019458284787946312e+00
-3.020332874157541703e+00
-3.021230086021161387e+00
-3.022149712796306176e+00
-3.023091558564106496e+00
-3.024055437621290476e+00
-3.025041173260939686e+00
-3.026048596745191333e+00
-3.027077546438801114e+00
-3.028127867077790025e+00
-3.029199409151323685e+00
-3.030292028378709812e+00
-3.031405585266142122e+00
-3.032539944730507031e+00
-3.033694975779428038e+00
-3.034870551238640690e+00
-3.036066547519094438e+00
-3.037282844417501959e+00
-3.038519324945038402e+00
-3.039775875179727471e+00
-3.041052384138785314e+00
-3.042348743667835809e+00
-3.043664848344367790e+00
-3.045000595393161369e+00
-3.046355884611986919e+00
-3.047730618305858563e+00
-3.049124701228683065e+00
-3.050538040531136197e+00
-3.051970545713877048e+00
-3.053422128585340012e+00
-3.054892703223401007e+00
-3.056382185940485385e+00
-3.057890495251538887e+00
-3.059417551844556105e+00
-3.060963278553330280e+00
-3.062527600332104250e+00
-3.064110444231987973e+00
-3.065711739378806477e+00
-3.067331416952401302e+00
-3.068969410167072809e+00
-3.070625654253112735e+00
-3.072300086439411437e+00
-3.073992645936868495e+00
-3.075703273922738568e+00
-3.077431913525698892e+00
-3.079178509811685505e+00
-3.080943009770367169e+00
-3.082725362302315197e+00
-3.084525518206740369e+00
-3.086343430169841362e+00
-3.088179052753726506e+00
-3.090032342385832465e+00
-3.091903257348907808e+00
-3.093791757771469531e+00
-3.095697805618765397e+00
-3.097621364684240763e+00
-3.099562400581410415e+00
-3.101520880736260644e+00
-3.103496774380053669e+00
-3.105490052542595691e+00
-3.107500688045935711e+00
-3.109528655498529748e+00
-3.111573931289750128e+00
-3.113636493584898357e+00
-3.115716322320621234e+00
-3.117813399200685787e+00
-3.119927707692235597e+00
-3.122059233022400626e+00
-3.124207962175368891e+00
-3.126373883889801419e+00
-3.128556988656677085e+00
-3.130757268717567321e+00
-3.132974718063238573e+00
-3.135209332432735252e+00
-3.137461109312790875e+00
-3.139730047937662860e+00
-3.142016149289397209e+00
-3.144319416098415143e+00
-3.146639852844564267e+00
-3.148977465758536542e+00
-3.151332262823682395e+00
-3.153704253778221389e+00
-3.156093450117869903e+00
-3.158499865098846726e+00
-3.160923513741298319e+00
-3.163364412833112205e+00
-3.165822580934138930e+00
-3.168298038380831905e+00
-3.170790807291276714e+00
-3.173300911570649419e+00
-3.175828376917066098e+00
-3.178373230827893359e+00
-3.180935502606417664e+00
-3.183515223368974301e+00
-3.186112426052511104e+00
-3.188727145422556308e+00
-3.191359418081607835e+00
-3.194009282478034173e+00
-3.196676778915305217e+00
-3.199361949561765783e+00
-3.202064838460801699e+00
-3.204785491541510822e+00
-3.207523956629761308e+00
-3.210280283459799211e+00
-3.213054523686269093e+00
-3.215846730896737338e+00
-3.218656960624695085e+00
-3.221485270363054099e+00
-3.224331719578118260e+00
-3.227196369724106173e+00
-3.230079284258109862e+00
-3.232980528655672536e+00
-3.235900170426794453e+00
-3.238838279132525866e+00
-3.241794926402085775e+00
-3.244770185950561547e+00
-3.247764133597113911e+00
-3.250776847283785465e+00
-3.253808407094912258e+00
-3.256858895277054522e+00
-3.259928396259601513e+00
-3.263016996675917714e+00
-3.266124785385174700e+00
-3.269251853494764770e+00
-3.272398294383378925e+00
-3.275564203724739887e+00
-3.278749679511989701e+00
-3.281954822082790546e+00
-3.285179734145065034e+00
-3.288424520803508333e+00
-3.291689289586762879e+00
-3.294974150475378671e+00
-3.298279215930485009e+00
-3.301604600923248256e+00
-3.304950422965124979e+00
-3.308316802138890012e+00
-3.311703861130478099e+00
-3.315111725261690623e+00
-3.318540522523724778e+00
-3.321990383611588271e+00
-3.325461441959399966e+00
-3.328953833776583604e+00
-3.332467698085030960e+00
-3.336003176757172284e+00
-3.339560414555042822e+00
-3.343139559170338337e+00
-3.346740761265512010e+00
-3.350364174515840343e+00
-3.354009955652661468e+00
-3.357678264507602872e+00
-3.361369264058001072e+00
-3.365083120473420841e+00
-3.368820003163361054e+00
-3.372580084826165336e+00
-3.376363541499143750e+00
-3.380170552609981893e+00
-3.384001301029393005e+00
-3.387855973125159625e+00
-3.391734758817450679e+00
-3.395637851635599169e+00
-3.399565448776248111e+00
-3.403517751162991711e+00
-3.407494963507493146e+00
-3.411497294372138445e+00
-3.415524956234273546e+00
-3.419578165552040527e+00
-3.423657142831886713e+00
-3.427762112697748886e+00
-3.431893303961989439e+00
-3.436050949698135515e+00
-3.440235287315412727e+00
-3.444446558635213762e+00
-3.448685009969431725e+00
-3.452950892200840727e+00
-3.457244460865452673e+00
-3.461565976237017228e+00
-3.465915703413595228e+00
-3.470293912406394732e+00
-3.474700878230831513e+00
-3.479136880999910364e+00
-3.483602206019975167e+00
-3.488097143888932106e+00
-3.492621990596912251e+00
-3.497177047629619118e+00
-3.501762622074167552e+00
-3.506379026727761250e+00
-3.511026580209088976e+00
-3.515705607072567851e+00
-3.520416437925574460e+00
-3.525159409548590528e+00
-3.529934865018529599e+00
-3.534743153835155471e+00
-3.539584632050785551e+00
-3.544459662403316891e+00
-3.549368614452653947e+00
-3.554311864720645531e+00
-3.559289796834633535e+00
-3.564302801674643639e+00
-3.569351277524360544e+00
-3.574435630225978766e+00
-3.579556273338994732e+00
-3.584713628303043187e+00
-3.589908124604887174e+00
-3.595140199949633963e+00
-3.600410300436310163e+00
-3.605718880737812881e+00
-3.611066404285435905e+00
-3.616453343457966874e+00
-3.621880179775531783e+00
-3.627347404098197003e+00
-3.632855516829462950e+00
-3.638405028124751528e+00
-3.643996458104909131e+00
-3.649630337074831754e+00
-3.655307205747326371e+00
-3.661027615472146390e+00
-3.666792128470429901e+00
-3.672601318074425247e+00
-3.678455768972626938e+00
-3.684356077460325007e+00
-3.690302851695566932e+00
-3.696296711960535220e+00
-3.702338290928281594e+00
-3.708428233934813800e+00
-3.714567199256406216e+00
-3.720755858392058357e+00
-3.726994896350982689e+00
-3.733285011944863285e+00
-3.739626918084795637e+00
-3.746021342082496375e+00
-3.752469025955589288e+00
-3.758970726736503121e+00
-3.765527216784562814e+00
-3.772139284100737289e+00
-3.778807732644454465e+00
-3.785533382651694811e+00
-3.792317070953601821e+00
-3.799159651294646611e+00
-3.806061994649201807e+00
-3.813024989535267473e+00
-3.820049542323988856e+00
-3.827136577543191809e+00
-3.834287038173112894e+00
-3.841501885932220084e+00
-3.848782101550582979e+00
-3.856128685028096470e+00
-3.863542655874361742e+00
-3.871025053326648813e+00
-3.878576936541891840e+00
-3.886199384758071140e+00
-3.893893497419779415e+00
-3.901660394261992071e+00
-3.909501215345368319e+00
-3.917417121035409622e+00
-3.925409291916837518e+00
-3.933478928633346694e+00
-3.941627251641659502e+00
-3.949855500867120117e+00
-3.958164935246652139e+00
-3.966556832142593247e+00
-3.975032486609014981e+00
-3.983593210489476455e+00
-3.992240331322164160e+00
-4.000975191025281319e+00
-4.009799144331582355e+00
-4.018713556936697628e+00
-4.027719803320932712e+00
-4.036819264198445723e+00
-4.046013323541290063e+00
-4.055303365118121839e+00
-4.064690768478866900e+00
-4.074176904306480829e+00
-4.083763129045594908e+00
-4.093450778704476711e+00
-4.103241161711265406e+00
-4.113135550687894160e+00
-4.123135172984394359e+00
-4.133241199792455411e+00
-4.143454733629580389e+00
-4.153776793953068314e+00
-4.164208300625768189e+00
-4.174750054912491848e+00
-4.185402717635588132e+00
-4.196166784059837340e+00
-4.207042555009008922e+00
-4.218030103637593342e+00
-4.229129237189621193e+00
-4.240339452970529166e+00
-4.251659887634847479e+00
-4.263089258750885513e+00
-4.274625797439617791e+00
-4.286267170697757756e+00
-4.298010391800858088e+00
-4.309851716939792965e+00
-4.321786525972314053e+00
-4.333809184870347053e+00
-4.345912887116561762e+00
-4.358089470957045464e+00
-4.370329209063824827e+00
-4.382620566822162722e+00
-4.394949925168572413e+00
-4.407301263717887885e+00
-4.419655799910448657e+00
-4.431991580195548508e+00
-4.444283020003412688e+00
-4.456500390661028987e+00
-4.468609253762869216e+00
-4.480569847178983878e+00
-4.492336432304822047e+00
-4.503856619809409878e+00
-4.515070701473783643e+00
-4.525911029016953080e+00
-4.536301496967531932e+00
-4.546157204786538841e+00
-4.555384391500629349e+00
-4.563880750307362177e+00
-4.571536235280460936e+00
-4.578234460187012189e+00
-4.583854753226995982e+00
-4.588274866850621692e+00
-4.591374251449719779e+00
-4.593037699237055627e+00
-4.593159074720403190e+00
-4.591644800527296510e+00
-4.588416784151023720e+00
-4.583414554015112330e+00
-4.576596498394605916e+00
-4.567940229001147934e+00
-4.557442186965998232e+00
-4.545116656338192840e+00
-4.530994354209207486e+00
-4.515120744231552408e+00
-4.497554189026066851e+00
-4.478364028069677261e+00
-4.457628645619752028e+00
-4.435433578038347591e+00
-4.411869699570408088e+00
-4.387031518038120304e+00
-4.361015605446542764e+00
-4.333919182288971328e+00
-4.305838868118128104e+00
-4.276869604804872438e+00
-4.247103753099767509e+00
-4.216630357933157214e+00
-4.185534573563614913e+00
-4.153897236348099042e+00
-4.121794570592161477e+00
-4.089298011595840165e+00
-4.056474129526118411e+00
-4.023384637974329436e+00
-3.990086471830591286e+00
-3.956631920273657954e+00
-3.923068802082802620e+00
-3.889440672016789780e+00
-3.855787048563198205e+00
-3.822143654886137387e+00
-3.788542666212510568e+00
-3.755012958207535778e+00
-3.721580352017356930e+00
-3.688267852694187887e+00
-3.655095878517753416e+00
-3.622082479531470334e+00
-3.589243544064947056e+00
-3.556592992709424639e+00
-3.524142959251262752e+00
-3.491903958909684746e+00
-3.459885043580661623e+00
-3.428093945354213190e+00
-3.396537207435307071e+00
-3.365220305334223116e+00
-3.334147755293753068e+00
-3.303323216658024641e+00
-3.272749578974622153e+00
-3.242429050793367296e+00
-3.212363223910344345e+00
-3.182553158275410521e+00
-3.152999414057277683e+00
-3.123702154945141363e+00
-3.094661116780693888e+00
-3.065875787957864418e+00
-3.037345220813233659e+00
-3.009068453422058198e+00
-2.981043889220752696e+00
-2.953270432332585571e+00
-2.925745633424461367e+00
-2.898468914347866132e+00
-2.871436125207076806e+00
-2.844648906510110820e+00
-2.818098693432674384e+00
-2.791794225850080302e+00
-2.765714254187061627e+00
-2.739889103647036084e+00
-2.714259827542135017e+00
-2.688921958750845942e+00
-2.663702957212028100e+00
-2.638896102186599091e+00
-2.613983597386364544e+00
-2.589862077718402045e+00
-2.564956682453471526e+00
-2.542016712600497552e+00
-2.516207732007113229e+00
-2.496000974088099067e+00
-2.466431707418092145e+00
-2.453716087370486854e+00
-2.411068812113057014e+00
-2.419709139270436182e+00
-2.330924378045827083e+00
-2.395127477968036267e+00
-2.137526999898681890e+00
-2.316724482387492845e+00
-2.019459735282754131e+00
-2.199285689635710472e+00
-2.043488828077903996e+00
-2.123799810490098139e+00
-2.007789829914260693e+00
-2.072177979151030414e+00
-1.969609338899565021e+00
-2.033895882575570191e+00
-1.929897893277411125e+00
-2.001700920181974208e+00
-1.886516536710258762e+00
-1.969993609266784684e+00
-1.840142690039703322e+00
-1.934868762607353521e+00
-1.795985600107985469e+00
-1.895929425625072717e+00
-1.757973125778577561e+00
-1.855926548716047453e+00
-1.724228182653512853e+00
-1.817452099133892052e+00
-1.691716857378983807e+00
-1.781386990278673643e+00
-1.659007601419457245e+00
-1.747368345825016434e+00
-1.625764712788873911e+00
-1.714562200637054445e+00
-1.592222439504350273e+00
-1.682209208590224936e+00
-1.558903238107913314e+00
-1.649915052954660677e+00
-1.526288909666106974e+00
-1.617680645882659807e+00
-1.494561838281553090e+00
-1.585727476145618375e+00
-1.463612120524033333e+00
-1.554279688842057805e+00
-1.433223126680655657e+00
-1.523442496959818371e+00
-1.403228779483567834e+00
-1.493198156715731084e+00
-1.373566033207330506e+00
-1.463465126062843957e+00
-1.344253174383881699e+00
-1.434161802741598546e+00
-1.315340135630610696e+00
-1.405242219814649918e+00
-1.286864923220759849e+00
-1.376698564269468239e+00
-1.258834705790278452e+00
-1.348543558247240703e+00
-1.231231303459655368e+00
-1.320790412671895453e+00
-1.204027686879414638e+00
-1.293441682225517919e+00
-1.177201768909960755e+00
-1.266488718007849457e+00
-1.150741494816215571e+00
-1.239917199148770521e+00
-1.124642575557604829e+00
-1.213713168820880206e+00
-1.098903347166724664e+00
-1.187866258034631528e+00
-1.073520684882665499e+00
-1.162369705049806967e+00
-1.048488621298532486e+00
-1.137218601055873801e+00
-1.023799179683514193e+00
-1.112408069031726843e+00
-9.994439827206953453e-01
-1.087932349196181647e+00
-9.754154324102275453e-01
-1.063784852085231769e+00
-9.517070287337898726e-01
-1.039958707473352728e+00
-9.283130470774660914e-01
-1.016447292436471805e+00
-9.052280345817917961e-01
-9.932444680344332255e-01
-8.824464732355732366e-01
-9.703445307559284139e-01
-8.599627109605751940e-01
-9.477420327158698754e-01
-8.377710726292164622e-01
-9.254316237840658488e-01
-8.158660065708089881e-01
-9.034079871131437400e-01
-7.942421690723517891e-01
-8.816658571050246529e-01
-7.728944275398723640e-01
-8.602000699798613148e-01
-7.518178159178336983e-01
-8.390056026982879445e-01
-7.310074864938247430e-01
-8.180775827243844667e-01
-7.104586839628579398e-01
-7.974112749661190769e-01
-6.901667436547369583e-01
-7.770020616753239295e-01
-6.701271018234522536e-01
-7.568454276474025910e-01
-6.503353049544848830e-01
-7.369369545237289820e-01
-6.307870116879930045e-01
-7.172723213473615189e-01
-6.114779880480196717e-01
-6.978473065035135647e-01
-5.924041000972057880e-01
-6.786577877485213683e-01
-5.735613076998995474e-01
-6.596997396719217477e-01
-5.549456608021485771e-01
-6.409692297042131059e-01
-5.365532976356472972e-01
-6.224624141119678988e-01
-5.183804435104737429e-01
-6.041755348016897287e-01
-5.004234092068888806e-01
-5.861049169682557292e-01
-4.826785887114306561e-01
-5.682469671848680015e-01
-4.651424565744535222e-01
-5.505981715202192817e-01
-4.478115652921408341e-01
-5.331550934909552453e-01
-4.306825429545946271e-01
-5.159143718808394397e-01
-4.137520911782064381e-01
-4.988727185565386968e-01
-3.970169832105123753e-01
-4.820269163880879226e-01
-3.804740620885600499e-01
-4.653738173086470198e-01
-3.641202387939426188e-01
-4.489103404882190951e-01
-3.479524904114530415e-01
-4.326334705779841805e-01
-3.319678583266050254e-01
-4.165402559951325578e-01
-3.161634464907812081e-01
-4.006278072410958124e-01
-3.005364197618090039e-01
-3.848932952608881131e-01
-2.850840023111085308e-01
-3.693339498535466170e-01
-2.698034760836840462e-01
-3.539470581381380931e-01
-2.546921793016014846e-01
-3.387299630732938382e-01
-2.397475050082080728e-01
-3.236800620249877802e-01
-2.249668996543627841e-01
-3.087948053777567203e-01
-2.103478617283816021e-01
-2.940716951865685047e-01
-1.958879404297735327e-01
-2.795082838681453019e-01
-1.815847343849941176e-01
-2.651021729318081555e-01
-1.674358904027424266e-01
-2.508510117488098601e-01
-1.534391022665979598e-01
-2.367524963591876030e-01
-1.395921095632899345e-01
-2.228043683146747611e-01
-1.258926965456974578e-01
-2.090044135558457583e-01
-1.123386910295414154e-01
-1.953504613224090747e-01
-9.892796332287057126e-02
-1.818403830953179146e-01
-8.565842518725119703e-02
-1.684720915697903720e-01
-7.252802882943942819e-02
-1.552435396582483307e-01
-5.953476592242612497e-02
-1.421527195222442863e-01
-4.667666665486347455e-02
-1.291976616322632054e-01
-3.395179880783016912e-02
-1.163764338545303367e-01
-2.135826685816777371e-02
-1.036871405639168131e-01
-8.894211107397076432e-03
-9.112792178201845061e-02
3.442193164521878401e-03
-7.869695233953999391e-02
1.565273652152221473e-02
-6.639244106239639009e-02
2.773917617053101026e-02
-5.421262998046172399e-02
3.970323673824349697e-02
-4.215579355846266196e-02
5.154661102613822266e-02
-3.022023794823702758e-02
6.327096074462623676e-02
-1.840430026155637222e-02
7.487791722678815987e-02
-6.706347863025818867e-03
8.636908212260507867e-02
4.875222317715977027e-03
9.774602807403454108e-02
1.634198445505941066e-02
1.090102993718140567e-01
2.769548447834857541e-02
1.201634125943584763e-01
3.893724070521553671e-02
1.312068572294413649e-01
5.006874445793352280e-02
1.421420962791328790e-01
6.109146066324511182e-02
1.529705668485892289e-01
7.200682843627204122e-02
1.636936807190920717e-01
8.281626164891875419e-02
1.743128249059782142e-01
9.352114948327683308e-02
1.848293622017589399e-01
1.041228569705032747e-01
1.952446317049840729e-01
1.146227255156087033e-01
2.055599493352771034e-01
1.250220734085614183e-01
2.157766083349801356e-01
1.353221963221811208e-01
2.258958797576982036e-01
1.455243677971442828e-01
2.359190129443349271e-01
1.556298397145376988e-01
2.458472359868117962e-01
1.656398427563421372e-01
2.556817561799284988e-01
1.755555868541609499e-01
2.654237604617590840e-01
1.853782616265764460e-01
2.750744158427758101e-01
1.951090368054457791e-01
2.846348698242238129e-01
2.047490626515093837e-01
2.941062508059051339e-01
2.142994703595637596e-01
3.034896684837775638e-01
2.237613724535223447e-01
3.127862142375947840e-01
2.331358631717082019e-01
3.219969615089697257e-01
2.424240188425632603e-01
3.311229661700485494e-01
2.516268982511506991e-01
3.401652668831030013e-01
2.607455429966325511e-01
3.491248854513022692e-01
2.697809778410826809e-01
3.580028271609307922e-01
2.787342110497150749e-01
3.668000811152509755e-01
2.876062347229542127e-01
3.755176205603061312e-01
2.963980251204789695e-01
3.841564032028155218e-01
3.051105429774279010e-01
3.927173715204999027e-01
3.137447338131242880e-01
4.012014530648917443e-01
3.223015282323786757e-01
4.096095607570089392e-01
3.307818422196611152e-01
4.179425931759261914e-01
3.391865774263349564e-01
4.262014348406117925e-01
3.475166214510689855e-01
4.343869564850333376e-01
3.557728481137543142e-01
4.425000153269054159e-01
3.639561177229886368e-01
4.505414553300410851e-01
3.720672773372832864e-01
4.585121074607183544e-01
3.801071610203465845e-01
4.664127899380128284e-01
3.880765900902694021e-01
4.742443084783789509e-01
3.959763733632226668e-01
4.820074565346357254e-01
4.038073073913692745e-01
4.897030155294137543e-01
4.115701766954904528e-01
4.973317550833313838e-01
4.192657539921929022e-01
5.048944332379394773e-01
4.268948004161137177e-01
5.123917966736435403e-01
4.344580657369836452e-01
5.198245809227004521e-01
4.419562885718928413e-01
5.271935105774376851e-01
4.493901965927866726e-01
5.344992994937523001e-01
4.567605067292928034e-01
5.417426509901819287e-01
4.640679253671340376e-01
5.489242580424189555e-01
4.713131485420198885e-01
5.560448034736436007e-01
4.784968621293841373e-01
5.631049601405506699e-01
4.856197420298942191e-01
5.701053911153679543e-01
4.926824543508852017e-01
5.770467498638334192e-01
4.996856555838822267e-01
5.839296804193505608e-01
5.066299927782353940e-01
5.907548175532690848e-01
5.135161037110003157e-01
5.975227869415618009e-01
5.203446170531473847e-01
6.042342053278972891e-01
5.271161525322387575e-01
6.108896806831292103e-01
5.338313210915508478e-01
6.174898123614589451e-01
5.404907250458670376e-01
6.240351912532395851e-01
5.470949582339157402e-01
6.305263999344927761e-01
5.536446061676145725e-01
6.369640128133000623e-01
5.601402461781348485e-01
6.433485962731042562e-01
5.665824475588909781e-01
6.496807088129434860e-01
5.729717717055737847e-01
6.559609011848328564e-01
5.793087722531986561e-01
6.621897165281795949e-01
5.855939952103574875e-01
6.683676905014834801e-01
5.918279790906533222e-01
6.744953514112537185e-01
5.980112550414335981e-01
6.805732203382790502e-01
6.041443469698437596e-01
6.866018112612852775e-01
6.102277716663564444e-01
6.925816311780779166e-01
6.162620389256845410e-01
6.985131802241990595e-01
6.222476516653301370e-01
7.043969517891393028e-01
6.281851060416301369e-01
7.102334326302102152e-01
6.340748915635301408e-01
7.160231029841330752e-01
6.399174912039844454e-01
7.217664366763352213e-01
6.457133815092466200e-01
7.274639012280601502e-01
6.514630327057662207e-01
7.331159579613666377e-01
6.571669088051852459e-01
7.387230621019447163e-01
6.628254677070473111e-01
7.442856628800287311e-01
6.684391612995841392e-01
7.498042036291341361e-01
6.740084355584947673e-01
7.552791218829919551e-01
6.795337306437003733e-01
7.607108494704784007e-01
6.850154809943438394e-01
7.660998126087266158e-01
6.904541154217613830e-01
7.714464319943883375e-01
6.958500572007797480e-01
7.767511228931627265e-01
7.012037241591599912e-01
7.820142952274951043e-01
7.065155287653201999e-01
7.872363536626796332e-01
7.117858782144110830e-01
7.924176976912269410e-01
7.170151745126427389e-01
7.975587217156370201e-01
7.222038145600893078e-01
8.026598151295671890e-01
7.273521902318489385e-01
8.077213623974706103e-01
7.324606884576783106e-01
8.127437431326818285e-01
7.375296913000928267e-01
8.177273321740543555e-01
7.425595760310279569e-01
8.226724996611309848e-01
7.475507152070117733e-01
8.275796111078783657e-01
7.525034767429346072e-01
8.324490274750520058e-01
7.574182239844495790e-01
8.372811052412105770e-01
7.622953157789966738e-01
8.420761964723784132e-01
7.671351065455351836e-01
8.468346488904145986e-01
7.719379463428968080e-01
8.515568059401430467e-01
7.767041809370061056e-01
8.562430068551754037e-01
7.814341518667347053e-01
8.608935867225813166e-01
7.861281965086046597e-01
8.655088765463374578e-01
7.907866481403122982e-01
8.700892033096081501e-01
7.954098360030275039e-01
8.746348900358835721e-01
7.999980853626322830e-01
8.791462558490343859e-01
8.045517175698053691e-01
8.836236160322492594e-01
8.090710501190061521e-01
8.880672820858654948e-01
8.135563967064096680e-01
8.924775617842528597e-01
8.180080672868283997e-01
8.968547592315787576e-01
8.224263681295258532e-01
9.011991749165952914e-01
8.268116018731235251e-01
9.055111057664926300e-01
8.311640675794640387e-01
9.097908451997149815e-01
8.354840607865521296e-01
9.140386831779032661e-01
8.397718735605341767e-01
9.182549062568594600e-01
8.440277945467655751e-01
9.224397976366685015e-01
8.482521090199690583e-01
9.265936372108565244e-01
8.524450989335046192e-01
9.307167016147785965e-01
8.566070429678307452e-01
9.348092642730874147e-01
8.607382165780266270e-01
9.388715954463779934e-01
8.648388920405727376e-01
9.429039622770587492e-01
8.689093384992319091e-01
9.469066288343972460e-01
8.729498220102072104e-01
9.508798561587692433e-01
8.769606055865208916e-01
9.548239023051783292e-01
8.809419492415329067e-01
9.587390223859943994e-01
8.848941100318357122e-01
9.626254686130009119e-01
8.888173420993314977e-01
9.664834903386556597e-01
8.927118967126275173e-01
9.703133340966876297e-01
8.965780223076991184e-01
9.741152436420403848e-01
9.004159645278702051e-01
9.778894599900302964e-01
9.042259662631593198e-01
9.816362214549496645e-01
9.080082676888903137e-01
9.853557636879646253e-01
9.117631063036948369e-01
9.890483197143580263e-01
9.154907169668757838e-01
9.927141199702029795e-01
9.191913319351212586e-01
9.963533923383673940e-01
9.228651808986345628e-01
9.999663621839631755e-01
9.265124910166464556e-01
1.003553252389155714e+00
9.301334869523334437e-01
1.007114283387441578e+00
9.337283909071680821e-01
1.010649673197327569e+00
9.372974226546986198e-01
1.014159637455454899e+00
9.408407995737633200e-01
1.017644389449220199e+00
9.443587366811927453e-01
1.021104140148794581e+00
9.478514466638896518e-01
1.024539098238645973e+00
9.513191399105178636e-01
1.027949470148605826e+00
9.547620245425685326e-01
1.031335460084293221e+00
9.581803064449414542e-01
1.034697270057205021e+00
9.615741892960831816e-01
1.038035099914190962e+00
9.649438745975595921e-01
1.041349147366510186e+00
9.682895617032087898e-01
1.044639608018436361e+00
9.716114478478288241e-01
1.047906675395334331e+00
9.749097281753549282e-01
1.051150540971381941e+00
9.781845957666108760e-01
1.054371394196752298e+00
9.814362416666861932e-01
1.057569422524427427e+00
9.846648549117260618e-01
1.060744811436580282e+00
9.878706225554523268e-01
1.063897744470482021e+00
9.910537296951986708e-01
1.067028403244086210e+00
9.942143594974699461e-01
