-2.172622374033845283e+00
-2.170976478121326991e+00
-2.170249137022513874e+00
-2.168582155203874873e+00
-2.167867699645572355e+00
-2.166186277908804136e+00
-2.165491415586966895e+00
-2.163800591578762145e+00
-2.163125923111113291e+00
-2.161426550113696887e+00
-2.160769945089516142e+00
-2.159060799638494732e+00
-2.158420595965259370e+00
-2.156700608898993288e+00
-2.156076617426255559e+00
-2.154345697285523276e+00
-2.153738564446120662e+00
-2.151997247262880997e+00
-2.151407535837182472e+00
-2.149656358240738196e+00
-2.149084154252222323e+00
-2.147323345442566644e+00
-2.146768392771216671e+00
-2.144997935399641342e+00
-2.144459928005073124e+00
-2.142679752315478137e+00
-2.142158500448336333e+00
-2.140368608080217783e+00
-2.139864032950189454e+00
-2.138064503642054248e+00
-2.137576557489391682e+00
-2.135767497513340718e+00
-2.135296105158217550e+00
-2.133477604794743243e+00
-2.133022655934719403e+00
-2.131194780744434247e+00
-2.130756151168831991e+00
-2.128918955009269975e+00
-2.128496526485678775e+00
-2.126650065567111003e+00
-2.126243731312174923e+00
-2.124388068970804788e+00
-2.123997728662733397e+00
-2.122132932515339299e+00
-2.121758485940429040e+00
-2.119884623481625319e+00
-2.119525967960341983e+00
-2.117643104488925232e+00
-2.117300135826045260e+00
-2.115408334879808283e+00
-2.115080949268238975e+00
-2.113180273907415696e+00
-2.112868368936894559e+00
-2.110958882520802327e+00
-2.110662357063871397e+00
-2.108744123249015168e+00
-2.108462876902914562e+00
-2.106535959280565251e+00
-2.106269891988333143e+00
-2.104334353806623259e+00
-2.104083365820159646e+00
-2.102139269937839394e+00
-2.101903261959805480e+00
-2.099950670938522723e+00
-2.099729544243380985e+00
-2.097768520439287965e+00
-2.097562176896465402e+00
-2.095592782487696759e+00
-2.095401124520034131e+00
-2.093423421485791192e+00
-2.093246352023907964e+00
-2.091260402116353667e+00
-2.091097824579866593e+00
-2.089103689312915346e+00
-2.088955507613997842e+00
-2.086953248268370587e+00
-2.086819366820084287e+00
-2.084809044452997639e+00
-2.084689368171004809e+00
-2.082671043621964202e+00
-2.082565477919112062e+00
-2.080539211810577438e+00
-2.080447662589144375e+00
-2.078413515325185035e+00
-2.078335888970685996e+00
-2.076293920736389964e+00
-2.076230124113679132e+00
-2.074180394876125266e+00
-2.074130335326547225e+00
-2.072072904836602891e+00
-2.072036490174939072e+00
-2.069971417968945904e+00
-2.069948556479732638e+00
-2.067875901880745992e+00
-2.067866502314279487e+00
-2.065786324433021015e+00
-2.065790296001396520e+00
-2.063702653737164994e+00
-2.063719906110565994e+00
-2.061624858152281359e+00
-2.061655301455434408e+00
-2.059552906282754670e+00
-2.059596451091433522e+00
-2.057486766975908488e+00
-2.057543324313439115e+00
-2.055426409319609515e+00
-2.055495890653355140e+00
-2.053371802639806898e+00
-2.053454119877713424e+00
-2.051322916498128812e+00
-2.051417981985270256e+00
-2.049279720689473283e+00
-2.049387447204685575e+00
-2.047242185239687373e+00
-2.047362485992238579e+00
-2.045210280403282344e+00
-2.045343069029563310e+00
-2.043183976661159029e+00
-2.043329167221412668e+00
-2.041163244718353642e+00
-2.041320751693441515e+00
-2.039148055501829759e+00
-2.039317793790024425e+00
-2.037138380158273865e+00
-2.037320265072094294e+00
-2.035134190051936631e+00
-2.035328137315012054e+00
-2.033135456762484861e+00
-2.033341382506456352e+00
-2.031142152082892061e+00
-2.031359972844347883e+00
-2.029154248017356998e+00
-2.029383880734793255e+00
-2.027171716779231581e+00
-2.027413078790049283e+00
-2.025194530788993141e+00
-2.025447539826521481e+00
-2.023222662672218952e+00
-2.023487236862786087e+00
-2.021256085257604695e+00
-2.021532143117616087e+00
-2.019294771574996705e+00
-2.019582232008062306e+00
-2.017338694853450409e+00
-2.017637477147530500e+00
-2.015387828519313640e+00
-2.015697852343899754e+00
-2.013442146194324156e+00
-2.013763331597647088e+00
-2.011501621693741804e+00
-2.011833889100009820e+00
-2.009566229024494888e+00
-2.009909499231159025e+00
-2.007635942383346528e+00
-2.007990136558396088e+00
-2.005710736155093432e+00
-2.006075775834375907e+00
-2.003790584910777106e+00
-2.004166391995343410e+00
-2.001875463405910605e+00
-2.002261960159398946e+00
-1.999965346578739256e+00
-2.000362455624773439e+00
-1.998060209548519595e+00
-1.998467853868135080e+00
-1.996160027613805843e+00
-1.996578130542910223e+00
-1.994264776250766147e+00
-1.994693261477614943e+00
-1.992374431111520350e+00
-1.992813222674225671e+00
-1.990488968022492200e+00
-1.990937990306555161e+00
-1.988608362982781763e+00
-1.989067540718645777e+00
-1.986732592162554933e+00
-1.987201850423186755e+00
-1.984861631901453372e+00
-1.985340896099945684e+00
-1.982995458707024650e+00
-1.983484654594225294e+00
-1.981134049253166607e+00
-1.981633102915332234e+00
-1.979277380378589690e+00
-1.979786218235059181e+00
-1.977425429085300390e+00
-1.977943977886194471e+00
-1.975578172537099775e+00
-1.976106359361034404e+00
-1.973735588058094903e+00
-1.974273340309935509e+00
-1.971897653131236217e+00
-1.972444898539850611e+00
-1.970064345396855376e+00
-1.970621012012916839e+00
-1.968235642651252615e+00
-1.968801658845030556e+00
-1.966411522845251225e+00
-1.966986817304451352e+00
-1.964591964082811337e+00
-1.965176465810428708e+00
-1.962776944619636810e+00
-1.963370582931821318e+00
-1.960966442861809211e+00
-1.961569147385759493e+00
-1.959160437364423357e+00
-1.959772138036304900e+00
-1.957358906830248824e+00
-1.957979533893116519e+00
-1.955561830108402788e+00
-1.956191314110165669e+00
-1.953769186193041518e+00
-1.954407457984431939e+00
-1.951980954222068965e+00
-1.952627944954622885e+00
-1.950197113475830246e+00
-1.950852754599915029e+00
-1.948417643375869091e+00
-1.949081866638704641e+00
-1.946642523483657072e+00
-1.947315260927361624e+00
-1.944871733499358157e+00
-1.945552917459024478e+00
-1.943105253260603016e+00
-1.943794816362374167e+00
-1.941343062741267556e+00
-1.942040937900447517e+00
-1.939585142050274102e+00
-1.940291262469448164e+00
-1.937831471430415453e+00
-1.938545770597579931e+00
-1.936082031257156055e+00
-1.936804442943888205e+00
-1.934336802037491143e+00
-1.935067260297117064e+00
-1.932595764408790773e+00
-1.933334203574570864e+00
-1.930858899137651852e+00
-1.931605253820993795e+00
-1.929126187118787028e+00
-1.929880392207469653e+00
-1.927397609373902698e+00
-1.928159600030320719e+00
-1.925673147050606104e+00
-1.926442858710012640e+00
-1.923952781421305991e+00
-1.924730149790101486e+00
-1.922236493882137243e+00
-1.923021454936147956e+00
-1.920524265951904397e+00
-1.921316755934688425e+00
-1.918816079271009389e+00
-1.919616034692182893e+00
-1.917111915600421712e+00
-1.917919273233987587e+00
-1.915411756820642131e+00
-1.916226453703342214e+00
-1.913715584930676172e+00
-1.914537558360355662e+00
-1.912023382047027598e+00
-1.912852569581020568e+00
-1.910335130402695869e+00
-1.911171469856213001e+00
-1.908650812346187831e+00
-1.909494241790730351e+00
-1.906970410340536271e+00
-1.907820868102320766e+00
-1.905293906962330697e+00
-1.906151331620718370e+00
-1.903621284900759214e+00
-1.904485615286723332e+00
-1.901952526956659284e+00
-1.902823702151235530e+00
-1.900287616041572036e+00
-1.901165575374351047e+00
-1.898626535176826780e+00
-1.899511218224434472e+00
-1.896969267492605526e+00
-1.897860614077220731e+00
-1.895315796227042826e+00
-1.896213746414908252e+00
-1.893666104725317600e+00
-1.894570598825280339e+00
-1.892020176438768519e+00
-1.892931155000821652e+00
-1.890377994924002270e+00
-1.891295398737839584e+00
-1.888739543842024915e+00
-1.889663313935625366e+00
-1.887104806957384584e+00
-1.888034884595580554e+00
-1.885473768137298167e+00
-1.886410094820382577e+00
-1.883846411350819317e+00
-1.884788928813150077e+00
-1.882222720667996452e+00
-1.883171370876614459e+00
-1.880602680259033654e+00
-1.881557405412298767e+00
-1.878986274393478872e+00
-1.879947016919720104e+00
-1.877373487439413902e+00
-1.878340189995570508e+00
-1.875764303862633486e+00
-1.876736909332935799e+00
-1.874158708225858616e+00
-1.875137159720511093e+00
-1.872556685187959591e+00
-1.873540926041809662e+00
-1.870958219503144893e+00
-1.871948193274407535e+00
-1.869363296020215781e+00
-1.870358946489175445e+00
-1.867771899681784475e+00
-1.868773170849524767e+00
-1.866184015523527862e+00
-1.867190851610659230e+00
-1.864599628673422771e+00
-1.865611974118837058e+00
-1.863018724351019895e+00
-1.864036523810639112e+00
-1.861441287866693495e+00
-1.862464486212240811e+00
-1.859867304620923978e+00
-1.860895846938695808e+00
-1.858296760103565148e+00
-1.859330591693230117e+00
-1.856729639893143657e+00
-1.857768706266529790e+00
-1.855165929656148682e+00
-1.856210176536052137e+00
-1.853605615146319829e+00
-1.854654988465328058e+00
-1.852048682203969676e+00
-1.853103128103286590e+00
-1.850495116755289882e+00
-1.851554581583571002e+00
-1.848944904811673284e+00
-1.850009335123876220e+00
-1.847398032469038665e+00
-1.848467375025280024e+00
-1.845854485907166165e+00
-1.846928687671586022e+00
-1.844314251389040482e+00
-1.845393259528680163e+00
-1.842777315260193394e+00
-1.843861077143873706e+00
-1.841243663948052722e+00
-1.842332127145281273e+00
-1.839713283961314394e+00
-1.840806396241174037e+00
-1.838186161889288073e+00
-1.839283871219361322e+00
-1.836662284401293421e+00
-1.837764538946574655e+00
-1.835141638246010620e+00
-1.836248386367844487e+00
-1.833624210250889064e+00
-1.834735400505899339e+00
-1.832109987321516309e+00
-1.833225568460556509e+00
-1.830598956441023883e+00
-1.831718877408140322e+00
-1.829091104669486434e+00
-1.830215314600873722e+00
-1.827586419143328200e+00
-1.828714867366306063e+00
-1.826084887074733487e+00
-1.827217523106724029e+00
-1.824586495751066240e+00
-1.825723269298588303e+00
-1.823091232534291617e+00
-1.824232093491956697e+00
-1.821599084860411555e+00
-1.822743983309922156e+00
-1.820110040238884341e+00
-1.821258926448057203e+00
-1.818624086252082828e+00
-1.819776910673863490e+00
-1.817141210554722441e+00
-1.818297923826217355e+00
-1.815661400873324283e+00
-1.816821953814835799e+00
-1.814184645005660013e+00
-1.815348988619729598e+00
-1.812710930820219390e+00
-1.813879016290682600e+00
-1.811240246255669373e+00
-1.812412024946711497e+00
-1.809772579320332975e+00
-1.810948002775558674e+00
-1.808307918091653921e+00
-1.809486938033160186e+00
-1.806846250715689495e+00
-1.808028819043142388e+00
-1.805387565406579187e+00
-1.806573634196313893e+00
-1.803931850446051088e+00
-1.805121371950154208e+00
-1.802479094182905639e+00
-1.803672020828322786e+00
-1.801029285032514027e+00
-1.802225569420166096e+00
-1.799582411476329469e+00
-1.800782006380218458e+00
-1.798138462061392717e+00
-1.799341320427734203e+00
-1.796697425399842230e+00
-1.797903500346184291e+00
-1.795259290168432331e+00
-1.796468534982805565e+00
-1.793824045108052045e+00
-1.795036413248106699e+00
-1.792391679023261908e+00
-1.793607124115413010e+00
-1.790962180781810797e+00
-1.792180656620402601e+00
-1.789535539314177193e+00
-1.790756999860643628e+00
-1.788111743613110871e+00
-1.789336142995143764e+00
-1.786690782733169280e+00
-1.787918075243895011e+00
-1.785272645790268342e+00
-1.786502785887428058e+00
-1.783857321961234588e+00
-1.785090264266373516e+00
-1.782444800483354186e+00
-1.783680499781020723e+00
-1.781035070653945285e+00
-1.782273481890881417e+00
-1.779628121829906373e+00
-1.780869200114264306e+00
-1.778223943427294174e+00
-1.779467644027837192e+00
-1.776822524920887547e+00
-1.778068803266221298e+00
-1.775423855843766940e+00
-1.776672667521555393e+00
-1.774027925786890947e+00
-1.775279226543091227e+00
-1.772634724398683970e+00
-1.773888470136767870e+00
-1.771244241384609674e+00
-1.772500388164833796e+00
-1.769856466506778192e+00
-1.771114970545399459e+00
-1.768471389583523568e+00
-1.769732207252071809e+00
-1.767089000489011852e+00
-1.768352088313537296e+00
-1.765709289152833206e+00
-1.766974603813180167e+00
-1.764332245559612655e+00
-1.765599743888685680e+00
-1.762957859748625289e+00
-1.764227498731649302e+00
-1.761586121813380368e+00
-1.762857858587198123e+00
-1.760217021901261170e+00
-1.761490813753616269e+00
-1.758850550213138408e+00
-1.760126354581956321e+00
-1.757486697002989651e+00
-1.758764471475677160e+00
-1.756125452577508739e+00
-1.757405154890258281e+00
-1.754766807295758735e+00
-1.756048395332851619e+00
-1.753410751568792669e+00
-1.754694183361906967e+00
-1.752057275859275842e+00
-1.753342509586803155e+00
-1.750706370681143209e+00
-1.751993364667513209e+00
-1.749358026599230342e+00
-1.750646739314231315e+00
-1.748012234228910389e+00
-1.749302624287021990e+00
-1.746668984235752120e+00
-1.747961010395483017e+00
-1.745328267335172878e+00
-1.746621888498388397e+00
-1.743990074292068426e+00
-1.745285249503354619e+00
-1.742654395920497867e+00
-1.743951084366494042e+00
-1.741321223083323932e+00
-1.742619384092085610e+00
-1.739990546691878359e+00
-1.741290139732229791e+00
-1.738662357705633932e+00
-1.739963342386536382e+00
-1.737336647131856093e+00
-1.738638983201772792e+00
-1.736013406025293415e+00
-1.737317053371559394e+00
-1.734692625487830764e+00
-1.735997544136036019e+00
-1.733374296668182879e+00
-1.734680446781547758e+00
-1.732058410761560197e+00
-1.733365752640318114e+00
-1.730744959009357320e+00
-1.732053453090148798e+00
-1.729433932698829723e+00
-1.730743539554100874e+00
-1.728125323162795768e+00
-1.729436003500181673e+00
-1.726819121779302302e+00
-1.728130836441044149e+00
-1.725515319971342887e+00
-1.726828029933682451e+00
-1.724213909206531170e+00
-1.725527575579128392e+00
-1.722914880996805564e+00
-1.724229465022149244e+00
-1.721618226898134818e+00
-1.722933689950970848e+00
-1.720323938510213591e+00
-1.721640242096948770e+00
-1.719032007476165580e+00
-1.720349113234312055e+00
-1.717742425482258861e+00
-1.719060295179852815e+00
-1.716455184257603239e+00
-1.717773779792648448e+00
-1.715170275573875802e+00
-1.716489558973774754e+00
-1.713887691245026268e+00
-1.715207624666021058e+00
-1.712607423126993433e+00
-1.713927968853619754e+00
-1.711329463117431171e+00
-1.712650583561959650e+00
-1.710053803155422436e+00
-1.711375460857320396e+00
-1.708780435221208815e+00
-1.710102592846583835e+00
-1.707509351335909420e+00
-1.708831971676982864e+00
-1.706240543561261092e+00
-1.707563589535830317e+00
-1.704974003999332410e+00
-1.706297438650230536e+00
-1.703709724792271452e+00
-1.705033511286848880e+00
-1.702447698122030229e+00
-1.703771799751623739e+00
-1.701187916210110451e+00
-1.702512296389523172e+00
-1.699930371317295741e+00
-1.701254993584276010e+00
-1.698675055743388507e+00
-1.699999883758128272e+00
-1.697421961826973469e+00
-1.698746959371579157e+00
-1.696171081945142101e+00
-1.697496212923134351e+00
-1.694922408513245937e+00
-1.696247636949059334e+00
-1.693675933984648996e+00
-1.695001224023130471e+00
-1.692431650850483749e+00
-1.693756966756385651e+00
-1.691189551639396660e+00
-1.692514857796890704e+00
-1.689949628917300606e+00
-1.691274889829487371e+00
-1.688711875287146835e+00
-1.690037055575562608e+00
-1.687476283388669618e+00
-1.688801347792806773e+00
-1.686242845898159981e+00
-1.687567759274976265e+00
-1.685011555528218574e+00
-1.686336282851671697e+00
-1.683782405027526297e+00
-1.685106911388090323e+00
-1.682555387180611817e+00
-1.683879637784803318e+00
-1.681330494807615761e+00
-1.682654454977535297e+00
-1.680107720764071111e+00
-1.681431355936919614e+00
-1.678887057940665839e+00
-1.680210333668298306e+00
-1.677668499263022639e+00
-1.678991381211476952e+00
-1.676452037691471997e+00
-1.677774491640516397e+00
-1.675237666220834143e+00
-1.676559658063511815e+00
-1.674025377880194565e+00
-1.675346873622375998e+00
-1.672815165732689735e+00
-1.674136131492616197e+00
-1.671607022875285065e+00
-1.672927424883133840e+00
-1.670400942438567071e+00
-1.671720747035994048e+00
-1.669196917586527107e+00
-1.670516091226242006e+00
-1.667994941516338869e+00
-1.669313450761658491e+00
-1.666795007458170552e+00
-1.668112818982585122e+00
-1.665597108674950810e+00
-1.666914189261698542e+00
-1.664401238462186683e+00
-1.665717555003816130e+00
-1.663207390147741327e+00
-1.664522909645691717e+00
-1.662015557091631734e+00
-1.663330246655807310e+00
-1.660825732685839551e+00
-1.662139559534187683e+00
-1.659637910354093249e+00
-1.660950841812188994e+00
-1.658452083551683387e+00
-1.659764087052309822e+00
-1.657268245765260106e+00
-1.658579288847996436e+00
-1.656086390512632622e+00
-1.657396440823449169e+00
-1.654906511342581155e+00
-1.656215536633421914e+00
-1.653728601834665524e+00
-1.655036569963046711e+00
-1.652552655599024423e+00
-1.653859534527635677e+00
-1.651378666276198448e+00
-1.652684424072497604e+00
-1.650206627536925374e+00
-1.651511232372749438e+00
-1.649036533081975398e+00
-1.650339953233124435e+00
-1.647868376641943744e+00
-1.649170580487808957e+00
-1.646702151977077477e+00
-1.648003108000242856e+00
-1.645537852877094309e+00
-1.646837529662946498e+00
-1.644375473160993195e+00
-1.645673839397338245e+00
-1.643215006676884915e+00
-1.644512031153562148e+00
-1.642056447301804001e+00
-1.643352098910308090e+00
-1.640899788941536430e+00
-1.642194036674634594e+00
-1.639745025530442213e+00
-1.641037838481804512e+00
-1.638592151031283972e+00
-1.639883498395100281e+00
-1.637441159435049753e+00
-1.638731010505660945e+00
-1.636292044760779829e+00
-1.637580368932314956e+00
-1.635144801055404162e+00
-1.636431567821399646e+00
-1.633999422393565215e+00
-1.635284601346608913e+00
-1.632855902877448750e+00
-1.634139463708819795e+00
-1.631714236636629511e+00
-1.632996149135923503e+00
-1.630574417827886258e+00
-1.631854651882672647e+00
-1.629436440635057215e+00
-1.630714966230510488e+00
-1.628300299268864437e+00
-1.629577086487412840e+00
-1.627165987966753491e+00
-1.628441006987730866e+00
-1.626033500992737135e+00
-1.627306722092027425e+00
-1.624902832637233674e+00
-1.626174226186923866e+00
-1.623773977216904640e+00
-1.625043513684943930e+00
-1.622646929074508915e+00
-1.623914579024354765e+00
-1.621521682578730861e+00
-1.622787416669013716e+00
-1.620398232124040439e+00
-1.621662021108221108e+00
-1.619276572130529113e+00
-1.620538386856563706e+00
-1.618156697043765302e+00
-1.619416508453761949e+00
-1.617038601334635839e+00
-1.618296380464526951e+00
-1.615922279499200087e+00
-1.617177997478408180e+00
-1.614807726058538284e+00
-1.616061354109648462e+00
-1.613694935558607435e+00
-1.614946444997032549e+00
-1.612583902570090544e+00
-1.613833264803751000e+00
-1.611474621688249176e+00
-1.612721808217244979e+00
-1.610367087532787345e+00
-1.611612069949074799e+00
-1.609261294747697635e+00
-1.610504044734768492e+00
-1.608157238001122646e+00
-1.609397727333687467e+00
-1.607054911985209555e+00
-1.608293112528886182e+00
-1.605954311415985769e+00
-1.607190195126961596e+00
-1.604855431033189284e+00
-1.606088969957939483e+00
-1.603758265600157884e+00
-1.604989431875111006e+00
-1.602662809903681040e+00
-1.603891575754911925e+00
-1.601569058753860908e+00
-1.602795396496788927e+00
-1.600477006983976214e+00
-1.601700889023057517e+00
-1.599386649450354803e+00
-1.600608048278773454e+00
-1.598297981032235304e+00
-1.599516869231601746e+00
-1.597210996631626134e+00
-1.598427346871683197e+00
-1.596125691173193140e+00
-1.597339476211506959e+00
-1.595042059604114382e+00
-1.596253252285776192e+00
-1.593960096893950240e+00
-1.595168670151286605e+00
-1.592879798034518402e+00
-1.594085724886793676e+00
-1.591801158039766850e+00
-1.593004411592892522e+00
-1.590724171945643750e+00
-1.591924725391881568e+00
-1.589648834809974209e+00
-1.590846661427651521e+00
-1.588575141712329053e+00
-1.589770214865552145e+00
-1.587503087753909581e+00
-1.588695380892271469e+00
-1.586432668057412121e+00
-1.587622154715712330e+00
-1.585363877766921226e+00
-1.586550531564880906e+00
-1.584296712047770894e+00
-1.585480506689747271e+00
-1.583231166086430219e+00
-1.584412075361149030e+00
-1.582167235090391699e+00
-1.583345232870655650e+00
-1.581104914288040231e+00
-1.582279974530455213e+00
-1.580044198928538979e+00
-1.581216295673241845e+00
-1.578985084281710582e+00
-1.580154191652094475e+00
-1.577927565637927021e+00
-1.579093657840365594e+00
-1.576871638307980827e+00
-1.578034689631562904e+00
-1.575817297622986057e+00
-1.576977282439235850e+00
-1.574764538934244396e+00
-1.575921431696869046e+00
-1.573713357613151897e+00
-1.574867132857760144e+00
-1.572663749051072646e+00
-1.573814381394918138e+00
-1.571615708659233501e+00
-1.572763172800949683e+00
-1.570569231868605531e+00
-1.571713502587942290e+00
-1.569524314129802089e+00
-1.570665366287363307e+00
-1.568480950912968019e+00
-1.569618759449953105e+00
-1.567439137707661745e+00
-1.568573677645613618e+00
-1.566398870022755352e+00
-1.567530116463295986e+00
-1.565360143386330227e+00
-1.566488071510911073e+00
-1.564322953345562262e+00
-1.565447538415203343e+00
-1.563287295466619931e+00
-1.564408512821662267e+00
-1.562253165334557270e+00
-1.563370990394410853e+00
-1.561220558553209958e+00
-1.562334966816109727e+00
-1.560189470745095619e+00
-1.561300437787839446e+00
-1.559159897551304130e+00
-1.560267399029020119e+00
-1.558131834631401480e+00
-1.559235846277293058e+00
-1.557105277663322518e+00
-1.558205775288425965e+00
-1.556080222343273700e+00
-1.557177181836218338e+00
-1.555056664385632281e+00
-1.556150061712393784e+00
-1.554034599522847060e+00
-1.555124410726506756e+00
-1.553014023505338903e+00
-1.554100224705845523e+00
-1.551994932101393943e+00
-1.553077499495335578e+00
-1.550977321097090966e+00
-1.552056230957439054e+00
-1.549961186296176630e+00
-1.551036414972060129e+00
-1.548946523519977969e+00
-1.550018047436454660e+00
-1.547933328607319803e+00
-1.549001124265135587e+00
-1.546921597414411709e+00
-1.547985641389767242e+00
-1.545911325814760540e+00
-1.546971594759089630e+00
-1.544902509699086934e+00
-1.545958980338815181e+00
-1.543895144975212297e+00
-1.544947794111535933e+00
-1.542889227567982857e+00
-1.543938032076643818e+00
-1.541884753419171972e+00
-1.542929690250223862e+00
-1.540881718487389085e+00
-1.541922764664977130e+00
-1.539880118747986248e+00
-1.540917251370125474e+00
-1.538879950192975299e+00
-1.539913146431322044e+00
-1.537881208830929491e+00
-1.538910445930568915e+00
-1.536883890686903786e+00
-1.537909145966122271e+00
-1.535887991802341146e+00
-1.536909242652407359e+00
-1.534893508234985937e+00
-1.535910732119937672e+00
-1.533900436058796224e+00
-1.534913610515219462e+00
-1.532908771363863609e+00
-1.533917874000673143e+00
-1.531918510256314203e+00
-1.532923518754552905e+00
-1.530929648858235792e+00
-1.531930540970847021e+00
-1.529942183307587911e+00
-1.530938936859208344e+00
-1.528956109758119020e+00
-1.529948702644865710e+00
-1.527971424379283905e+00
-1.528959834568545562e+00
-1.526988123356150640e+00
-1.527972328886381348e+00
-1.526006202889338859e+00
-1.526986181869838921e+00
-1.525025659194916061e+00
-1.526001389805636599e+00
-1.524046488504327446e+00
-1.525017948995663453e+00
-1.523068687064315530e+00
-1.524035855756890490e+00
-1.522092251136835772e+00
-1.523055106421308480e+00
-1.521117176998976639e+00
-1.522075697335833144e+00
-1.520143460942883884e+00
-1.521097624862235875e+00
-1.519171099275679726e+00
-1.520120885377062026e+00
-1.518200088319384022e+00
-1.519145475271559853e+00
-1.517230424410837220e+00
-1.518171390951592592e+00
-1.516262103901619529e+00
-1.517198628837570951e+00
-1.515295123157982538e+00
-1.516227185364377839e+00
-1.514329478560767051e+00
-1.515257056981288430e+00
-1.513365166505326709e+00
-1.514288240151892007e+00
-1.512402183401452715e+00
-1.513320731354027782e+00
-1.511440525673303448e+00
-1.512354527079708966e+00
-1.510480189759326075e+00
-1.511389623835040164e+00
-1.509521172112183507e+00
-1.510426018140153204e+00
-1.508563469198677787e+00
-1.509463706529131422e+00
-1.507607077499689030e+00
-1.508502685549940825e+00
-1.506651993510085052e+00
-1.507542951764353489e+00
-1.505698213738668523e+00
-1.506584501747877614e+00
-1.504745734708086369e+00
-1.505627332089694015e+00
-1.503794552954776043e+00
-1.504671439392579302e+00
-1.502844665028882698e+00
-1.503716820272832155e+00
-1.501896067494195242e+00
-1.502763471360214265e+00
-1.500948756928073502e+00
-1.501811389297873944e+00
-1.500002729921382727e+00
-1.500860570742283961e+00
-1.499057983078421419e+00
-1.499911012363166485e+00
-1.498114513016850946e+00
-1.498962710843429136e+00
-1.497172316367633815e+00
-1.498015662879101484e+00
-1.496231389774963505e+00
-1.497069865179262660e+00
-1.495291729896195410e+00
-1.496125314465972078e+00
-1.494353333401778894e+00
-1.495182007474217478e+00
-1.493416196975202004e+00
-1.494239940951840762e+00
-1.492480317312906646e+00
-1.493299111659461831e+00
-1.491545691124239514e+00
-1.492359516370439509e+00
-1.490612315131383037e+00
-1.491421151870784501e+00
-1.489680186069285428e+00
-1.490484014959104320e+00
-1.488749300685606070e+00
-1.489548102446546229e+00
-1.487819655740637792e+00
-1.488613411156721966e+00
-1.486891248007254696e+00
-1.487679937925651341e+00
-1.485964074270850865e+00
-1.486747679601703176e+00
-1.485038131329265987e+00
-1.485816633045527135e+00
-1.484113415992734941e+00
-1.484886795129999770e+00
-1.483189925083819194e+00
-1.483958162740154130e+00
-1.482267655437349507e+00
-1.483030732773126026e+00
-1.481346603900359327e+00
-1.482104502138090307e+00
-1.480426767332028604e+00
-1.481179467756209123e+00
-1.479508142603623844e+00
-1.480255626560555759e+00
-1.478590726598436600e+00
-1.479332975496072455e+00
-1.477674516211724187e+00
-1.478411511519502008e+00
-1.476759508350646621e+00
-1.477491231599332711e+00
-1.475845699934217103e+00
-1.476572132715742169e+00
-1.474933087893236294e+00
-1.475654211860529141e+00
-1.474021669170233917e+00
-1.474737466037071343e+00
-1.473111440719412135e+00
-1.473821892260259503e+00
-1.472202399506596482e+00
-1.472907487556440298e+00
-1.471294542509161030e+00
-1.471994248963368390e+00
-1.470387866715988645e+00
-1.471082173530132930e+00
-1.469482369127412369e+00
-1.470171258317121810e+00
-1.468578046755140587e+00
-1.469261500395956377e+00
-1.467674896622231273e+00
-1.468352896849438149e+00
-1.466772915763012275e+00
-1.467445444771489749e+00
-1.465872101223040458e+00
-1.466539141267109603e+00
-1.464972450059037756e+00
-1.465633983452313105e+00
-1.464073959338845432e+00
-1.464729968454072884e+00
-1.463176626141359460e+00
