-1.255472615829165051e+01
-5.319495052987448069e+00
-3.358824953894880228e+00
-2.300640727480422143e+00
-1.612332034946936776e+00
-1.123666138597237740e+00
-7.592168133386736351e-01
-4.789621078044099534e-01
-2.588124803856293177e-01
-8.303520689570431657e-02
5.920162863230959971e-02
1.756294693792721517e-01
2.719146350091410369e-01
3.522965360759160447e-01
4.200007723106424784e-01
4.775162996456852049e-01
5.267866810008134948e-01
5.693451306481125407e-01
6.064117678815934553e-01
6.389648748745568874e-01
6.677939151780032390e-01
6.935395282779204251e-01
7.167240756441963789e-01
7.377752321889867737e-01
7.570443902574712780e-01
7.748211465579197821e-01
7.913447977283611934e-01
8.068135276184205118e-01
8.213917963419312684e-01
8.352163162285743958e-01
8.484009085366435166e-01
8.610404673619611593e-01
8.732142068258115231e-01
8.849883296341554129e-01
8.964182261533268914e-01
9.075502908833321669e-01
9.184234259334536077e-01
9.290702875865588517e-01
9.395183213789994880e-01
9.497906226568448851e-01
9.599066528016146904e-01
9.698828358765201330e-01
9.797330560446781966e-01
9.894690725373149753e-01
9.991008660352762583e-01
1.008636927941110262e+00
1.018084502059404706e+00
1.027449786589301972e+00
1.036738103000833355e+00
1.045954037264709591e+00
1.055101557991967809e+00
1.064184115281839205e+00
1.073204723446399278e+00
1.082166030256559441e+00
1.091070374917499031e+00
1.099919836618144409e+00
1.108716275195880563e+00
1.117461365204826418e+00
1.126156624464583977e+00
1.134803437990071107e+00
1.143403078055630573e+00
1.151956721023422947e+00
1.160465461463122683e+00
1.168930324003963683e+00
1.177352273288029938e+00
1.185732222333629515e+00
1.194071039567162096e+00
1.202369554739701751e+00
1.210628563909422972e+00
1.218848833641308804e+00
1.227031104551075114e+00
1.235176094299446969e+00
1.243284500125745762e+00
1.251357000995179103e+00
1.259394259422238260e+00
1.267396923022321431e+00
1.275365625835345185e+00
1.283300989457932584e+00
1.291203624014849005e+00
1.299074128995358901e+00
1.306913093976021401e+00
1.314721099247957881e+00
1.322498716363708304e+00
1.330246508616272028e+00
1.337965031461064491e+00
1.345654832889545904e+00
1.353316453762082094e+00
1.360950428106253884e+00
1.368557283385852585e+00
1.376137540745018484e+00
1.383691715231140762e+00
1.391220315999698975e+00
1.398723846503620027e+00
1.406202804669351547e+00
1.413657683061491088e+00
1.421088969037551220e+00
1.428497144894119941e+00
1.435882688005604368e+00
1.443246070956393901e+00
1.450587761667319953e+00
1.457908223517000224e+00
1.465207915458710097e+00
1.472487292133221715e+00
1.479746803978006842e+00
1.486986897333207214e+00
1.494208014544610830e+00
1.501410594063947723e+00
1.508595070546685069e+00
1.515761874947533894e+00
1.522911434613845483e+00
1.530044173377002270e+00
1.537160511641974647e+00
1.544260866475152927e+00
1.551345651690494876e+00
1.558415277934181997e+00
1.565470152767751699e+00
1.572510680749874101e+00
1.579537263516757939e+00
1.586550299861300584e+00
1.593550185811024811e+00
1.600537314704832070e+00
1.607512077268641981e+00
1.614474861689929597e+00
1.621426053691265246e+00
1.628366036602807654e+00
1.635295191433870698e+00
1.642213896943539364e+00
1.649122529710371765e+00
1.656021464201304472e+00
1.662911072839620807e+00
1.669791726072213489e+00
1.676663792435993727e+00
1.683527638623590672e+00
1.690383629548303457e+00
1.697232128408375562e+00
1.704073496750585281e+00
1.710908094533157175e+00
1.717736280188101095e+00
1.724558410682902831e+00
1.731374841581642343e+00
1.738185927105565742e+00
1.744992020193096405e+00
1.751793472559342035e+00
1.758590634755095472e+00
1.765383856225370973e+00
1.772173485367441348e+00
1.778959869588501164e+00
1.785743355362838791e+00
1.792524288288636747e+00
1.799303013144401664e+00
1.806079873944992809e+00
1.812855213997317083e+00
1.819629375955687856e+00
1.826402701876856494e+00
1.833175533274761460e+00
1.839948211174965209e+00
1.846721076168829967e+00
1.853494468467448364e+00
1.860268727955308066e+00
1.867044194243757005e+00
1.873821206724237687e+00
1.880600104621313218e+00
1.887381227045531684e+00
1.894164913046105791e+00
1.900951501663409982e+00
1.907741331981378075e+00
1.914534743179709952e+00
1.921332074585992533e+00
1.928133665727700397e+00
1.934939856384066292e+00
1.941750986637898357e+00
1.948567396927304074e+00
1.955389428097314308e+00
1.962217421451485144e+00
1.969051718803429551e+00
1.975892662528287769e+00
1.982740595614193246e+00
1.989595861713684855e+00
1.996458805195100883e+00
2.003329771193968600e+00
2.010209105664376938e+00
2.017097155430341182e+00
2.023994268237178762e+00
2.030900792802885935e+00
2.037817078869521126e+00
2.044743477254606479e+00
2.051680339902554273e+00
2.058628019936071141e+00
2.065586871707639105e+00
2.072557250850969091e+00
2.079539514332482852e+00
2.086534020502823328e+00
2.093541129148356994e+00
2.100561201542724188e+00
2.107594600498338355e+00
2.114641690417938147e+00
2.121702837346092885e+00
2.128778409020722240e+00
2.135868774924566615e+00
2.142974306336636214e+00
2.150095376383616586e+00
2.157232360091175583e+00
2.164385634435242789e+00
2.171555578393161934e+00
2.178742572994726956e+00
2.185947001373097276e+00
2.193169248815533212e+00
2.200409702813953761e+00
2.207668753115297644e+00
2.214946791771598367e+00
2.222244213189811912e+00
2.229561414181321144e+00
2.236898794011062286e+00
2.244256754446284585e+00
2.251635699804848567e+00
2.259036037003012698e+00
2.266458175602689806e+00
2.273902527858094214e+00
2.281369508761678766e+00
2.288859536089387525e+00
2.296373030445046481e+00
2.303910415303873194e+00
2.311472117055016540e+00
2.319058565043008890e+00
2.326670191608065874e+00
2.334307432125102277e+00
2.341970725041366386e+00
2.349660511912558203e+00
2.357377237437326745e+00
2.365121349489974545e+00
2.372893299151244584e+00
2.380693540737043978e+00
2.388522531824861961e+00
2.396380733277802211e+00
2.404268609265955092e+00
2.412186627284952589e+00
2.420135258171404846e+00
2.428114976115089529e+00
2.436126258667533850e+00
2.444169586746792522e+00
2.452245444638060157e+00
2.460354319989850769e+00
2.468496703805394432e+00
2.476673090428872737e+00
2.484883977526126664e+00
2.493129866059432320e+00
2.501411260255847147e+00
2.509728667568736249e+00
2.518082598631875779e+00
2.526473567205678172e+00
2.534902090114878437e+00
2.543368687177135712e+00
2.551873881121780929e+00
2.560418197498079085e+00
2.569002164572245839e+00
2.577626313212234788e+00
2.586291176759671462e+00
2.594997290887722574e+00
2.603745193444061634e+00
2.612535424277783402e+00
2.621368525049012188e+00
2.630245039020096431e+00
2.639165510826925853e+00
2.648130486228930991e+00
2.657140511836214802e+00
2.666196134812183427e+00
2.675297902549749196e+00
2.684446362319305113e+00
2.693642060886258349e+00
2.702885544095932069e+00
2.712177356423427721e+00
2.721518040485752188e+00
2.730908136513497730e+00
2.740348181778947012e+00
2.749838709977426632e+00
2.759380250558255199e+00
2.768973328001582246e+00
2.778618461036968856e+00
2.788316161799214488e+00
2.798066934916709769e+00
2.807871276527030613e+00
2.817729673214212749e+00
2.827642600861622668e+00
2.837610523413751640e+00
2.847633891539915307e+00
2.857713141192067763e+00
2.867848692048253767e+00
2.878040945832788022e+00
2.888290284503065131e+00
2.898597068292406931e+00
2.908961633597203722e+00
2.919384290695699935e+00
2.929865321284555346e+00
2.940404975818193822e+00
2.951003470634539827e+00
2.961660984849208589e+00
2.972377656998825390e+00
2.983153581411974731e+00
2.993988804284724026e+00
3.004883319435229794e+00
3.015837063709646326e+00
3.026849912008893639e+00
3.037921671903026866e+00
3.049052077796595928e+00
3.060240784604947972e+00
3.071487360897472652e+00
3.082791281459370758e+00
3.094151919218905977e+00
3.105568536481428943e+00
3.117040275405824179e+00
3.128566147652323437e+00
3.140145023123156243e+00
3.151775617709520638e+00
3.163456479949108946e+00
3.175185976488313688e+00
3.186962276231708024e+00
3.198783333048965449e+00
3.210646866894833806e+00
3.222550343182031263e+00
3.234490950228916972e+00
3.246465574583816682e+00
3.258470774005113757e+00
3.270502747851007808e+00
3.282557304603965775e+00
3.294629826222739588e+00
3.306715228978290178e+00
3.318807920388593846e+00
3.330901751820780188e+00
3.342989966275925706e+00
3.355065140811943625e+00
3.367119122991536706e+00
3.379142960664899498e+00
3.391126824308096310e+00
3.403059921037496327e+00
3.414930399305540210e+00
3.426725243151480083e+00
3.438430154730337751e+00
3.450029423670714745e+00
3.461505781614246491e+00
3.472840240062257777e+00
3.484011909393514905e+00
3.494997796616312158e+00
3.505772579070967954e+00
3.516308350898660784e+00
3.526574338630114713e+00
3.536536581713126459e+00
3.546157573179415046e+00
3.555395854934997768e+00
3.564205561328219751e+00
3.572535903687372727e+00
3.580330587403651510e+00
3.587527151841054085e+00
3.594056221853422883e+00
3.599840657948908174e+00
3.604794590127040621e+00
3.608822318082840930e+00
3.611817057782158447e+00
3.613659511315534090e+00
3.614216233386054355e+00
3.613337763733261987e+00
3.610856490199844782e+00
3.606584201984261107e+00
3.600309286889563865e+00
3.591793520118071292e+00
3.580768385483601879e+00
3.566930863033220156e+00
3.549938610365293901e+00
3.529404459012147832e+00
3.504890143082291409e+00
3.475899176381757272e+00
3.441868798609232449e+00
3.402160924069761005e+00
3.356052052126091478e+00
3.302722143515617326e+00
3.241242539187795479e+00
3.170563109749282127e+00
3.089498988462877627e+00
2.996717476871894270e+00
2.890726039954130577e+00
2.769862748015154974e+00
2.632291091403769379e+00
2.476001793648472393e+00
2.298825051236266681e+00
2.098457453503388415e+00
1.872508519990358167e+00
1.618572055446663605e+00
1.334326950532879863e+00
1.017670125546720872e+00
6.668805029269733176e-01
2.808069211102521834e-01
-1.409349009250591145e-01
-5.977795323300103547e-01
-1.088072593939720889e+00
-1.609005623471507551e+00
-2.156648716886496064e+00
-2.726089615723295445e+00
-3.311667981085199219e+00
-3.907274883207495719e+00
-4.506676359203027005e+00
-5.103819501262224279e+00
-5.693088653853601855e+00
-6.269493389573355557e+00
-6.828783969013233701e+00
-7.367500604985344204e+00
-7.882968927940455117e+00
-8.373256116841567120e+00
-8.837101468978517005e+00
-9.273833010238549335e+00
-9.683279064958977500e+00
-1.006568111175896085e+01
-1.042161204507618777e+01
-1.075190223573080672e+01
-1.105757451857500584e+01
-1.133978836102338050e+01
-1.159979289866871355e+01
-1.183888818438458301e+01
-1.205839381887308548e+01
-1.225962406221822576e+01
-1.244386852882415972e+01
-1.261237761505092081e+01
-1.276635188007227129e+01
-1.290693468379379816e+01
-1.303520747145817893e+01
-1.315218717893527867e+01
-1.325882531045473200e+01
-1.335600831280371459e+01
-1.344455893198511731e+01
-1.352523829601943106e+01
-1.359874851212958369e+01
-1.366573561246677038e+01
-1.372679270919173966e+01
-1.378246326063230143e+01
-1.383324435524241558e+01
-1.387958996931989830e+01
-1.392191412362642744e+01
-1.396059395128263070e+01
-1.399597258087732143e+01
-1.402836193758807326e+01
-1.405804526387438003e+01
-1.408527966476876614e+01
-1.411029817535136210e+01
-1.413331217608105028e+01
-1.415451281041624831e+01
-1.417407363728540304e+01
-1.419215084543112937e+01
-1.420888714295008270e+01
-1.422440917218047218e+01
-1.423883541047929668e+01
-1.425226619530636185e+01
-1.426480349031154482e+01
-1.427652029517094512e+01
-1.428751483532533406e+01
-1.429782102475394368e+01
-1.430756257675056631e+01
-1.431669257691310371e+01
-1.432543943531857700e+01
-1.433354604736078564e+01
-1.434157467413429998e+01
-1.434866802065518954e+01
-1.435640196566729898e+01
-1.436214557938369119e+01
-1.437052997266937027e+01
-1.437360324954234869e+01
-1.438523645952362351e+01
-1.438136453008873872e+01
-1.440397288816803645e+01
-1.437982961274193094e+01
-1.443703711811271084e+01
-1.435129350401387072e+01
-1.451627928135522438e+01
-1.424047915220565130e+01
-1.474225695713519002e+01
-1.387655128553480388e+01
-1.544184183197399385e+01
-1.274995547235958426e+01
-1.775307091949351701e+01
-9.535881826176350273e+00
-2.634800749303812140e+01
-2.475133992024818763e+00
-6.333278052134133418e+01
3.836066816821012360e+00
-6.790187075820136897e+01
4.149800541554617084e+00
-3.028793635624901981e+01
2.192993678643648359e+00
-2.385996064208784162e+01
1.034464189922919886e+00
-2.290085725884966905e+01
6.557461439900187372e-01
-2.449642355861181642e+01
9.340143428491440858e-01
-2.766524764742523956e+01
1.615205694339897580e+00
-3.118372495537974842e+01
2.304938090358948255e+00
-3.311923689082582456e+01
2.678494806880398205e+00
-3.268968765263739584e+01
2.701578717038612076e+00
-3.122355527789765972e+01
2.551131790744857852e+00
-3.006085080178660718e+01
2.404789665349270855e+00
-2.961169742949266492e+01
2.349109256913986865e+00
-2.975473347526941126e+01
2.388499978754428987e+00
-3.018744619558579956e+01
2.481255610339841766e+00
-3.060549789003979271e+01
2.577153975387555196e+00
-3.082722872325592078e+01
2.645036288559780235e+00
-3.084269239361223569e+01
2.680846051570214161e+00
-3.075363704009521015e+01
2.698149896584974616e+00
-3.067033298505507588e+01
2.713420772221797339e+00
-3.064997508071263610e+01
2.736481292676038013e+00
-3.069258221548638588e+01
2.768631505105564106e+00
-3.076688258079255789e+01
2.805803200754505067e+00
-3.083935731532053737e+01
2.842964973443159238e+00
-3.089187246565640166e+01
2.877088472286319032e+00
-3.092422106823747185e+01
2.907807514067592525e+00
-3.094640700599880745e+01
2.936426750839896460e+00
-3.096898836349116024e+01
2.964512628105687941e+00
-3.099740512600871511e+01
2.992978593241823582e+00
-3.103147651737708657e+01
3.021914502969596850e+00
-3.106800909151266055e+01
3.050915411247465681e+00
-3.110379179637564562e+01
3.079518037998920210e+00
-3.113727018153732828e+01
3.107471688945211863e+00
-3.116861710665340368e+01
3.134776921719968357e+00
-3.119887081923283034e+01
3.161575648683455864e+00
-3.122900526265059895e+01
3.188016781781438436e+00
-3.125945119758492297e+01
3.214178869343386147e+00
-3.129011836926699885e+01
3.240064686822401896e+00
-3.132068227835246432e+01
3.265638129808487999e+00
-3.135086525840112515e+01
3.290864782259760091e+00
-3.138056556927123353e+01
3.315733003940369183e+00
-3.140983438074611200e+01
3.340253180859106497e+00
-3.143878156243167155e+01
3.364445476607995644e+00
-3.146749283743426062e+01
3.388327875058669392e+00
-3.149599754902368431e+01
3.411910790926586667e+00
-3.152428137126170427e+01
3.435198141117122184e+00
-3.155231666829651616e+01
3.458191341490345572e+00
-3.158008606713440969e+01
3.480892730667094703e+00
-3.160758958510345096e+01
3.503306833694272093e+00
-3.163483896964791953e+01
3.525439777520642526e+00
-3.166184819276021045e+01
3.547298031625166548e+00
-3.168862705205174990e+01
3.568887474921786485e+00
-3.171517995033155657e+01
3.590213150277590692e+00
-3.174150813892737233e+01
3.611279524501061378e+00
-3.176761259613630983e+01
3.632090878347207230e+00
-3.179349566432129848e+01
3.652651553380838578e+00
-3.181916111873970365e+01
3.672965988132792958e+00
-3.184461335901198709e+01
3.693038623772100237e+00
-3.186985658065591309e+01
3.712873794399182525e+00
-3.189489439790537517e+01
3.732475671881737345e+00
-3.191972991919289271e+01
3.751848272097598969e+00
-3.194436602351074583e+01
3.770995491933966104e+00
-3.196880559069969507e+01
3.789921143490467603e+00
-3.199305157958577084e+01
3.808628969176207857e+00
-3.201710698277783251e+01
3.827122639719914066e+00
-3.204097474276305491e+01
3.845405745715456458e+00
-3.206465769609304317e+01
3.863481791919065156e+00
-3.208815856522210908e+01
3.881354197565577202e+00
-3.211147998133464654e+01
3.899026300970914072e+00
-3.213462451174557799e+01
3.916501365037022175e+00
-3.215759467524956960e+01
3.933782581318957750e+00
-3.218039294343635248e+01
3.950873072198020974e+00
-3.220302173491760556e+01
3.967775891965056534e+00
-3.222548341012713280e+01
3.984494027817517381e+00
-3.224778027036902728e+01
4.001030401309790818e+00
-3.226991456057469776e+01
4.017387870242660419e+00
-3.229188847330734546e+01
4.033569230696033792e+00
-3.231370415200856883e+01
4.049577218939877099e+00
-3.233536369279276101e+01
4.065414513116065720e+00
-3.235686914528718461e+01
4.081083734744304081e+00
-3.237822251326129219e+01
4.096587450145820597e+00
-3.239942575554645288e+01
4.111928171855650405e+00
-3.242048078732186411e+01
4.127108360040045554e+00
-3.244138948155055147e+01
4.142130423896158931e+00
-3.246215367034621124e+01
4.156996723007056360e+00
-3.248277514618554562e+01
4.171709568641645660e+00
-3.250325566297080826e+01
4.186271224999265073e+00
-3.252359693702762655e+01
4.200683910410909050e+00
-3.254380064809247841e+01
4.214949798505708500e+00
-3.256386844030133432e+01
4.229071019345061799e+00
-3.258380192317350321e+01
4.243049660525942457e+00
-3.260360267256386635e+01
4.256887768250769533e+00
-3.262327223157396361e+01
4.270587348363514835e+00
-3.264281211142592554e+01
4.284150367353681155e+00
-3.266222379230436701e+01
4.297578753329540646e+00
-3.268150872416737229e+01
4.310874396961579258e+00
-3.270066832754839226e+01
4.324039152400168007e+00
-3.271970399431499743e+01
4.337074838163733403e+00
-3.273861708842738949e+01
4.349983238003821029e+00
-3.275740894665194958e+01
4.362766101742085567e+00
-3.277608087926919467e+01
4.375425146085423656e+00
-3.279463417074315146e+01
4.387962055414710960e+00
-3.281307008038866257e+01
4.400378482553788828e+00
-3.283138984300057217e+01
4.412676049513823529e+00
-3.284959466947638873e+01
4.424856348218108693e+00
-3.286768574741673632e+01
4.436920941205869440e+00
-3.288566424170431191e+01
4.448871362315908407e+00
-3.290353129506807761e+01
4.460709117351038699e+00
-3.292128802863501846e+01
4.472435684724793248e+00
-3.293893554246204047e+01
4.484052516089862550e+00
-3.295647491604700718e+01
4.495561036947858469e+00
-3.297390720882968651e+01
4.506962647243537567e+00
-3.299123346068568452e+01
4.518258721943438694e+00
-3.300845469239071406e+01
4.529450611596709031e+00
-3.302557190608151672e+01
4.540539642882229998e+00
-3.304258608570446398e+01
4.551527119140898137e+00
-3.305949819744233054e+01
4.562414320892409947e+00
-3.307630919014086146e+01
4.573202506339931972e+00
-3.309301999571452768e+01
4.583892911860154129e+00
-3.310963152954234090e+01
4.594486752480420932e+00
-3.312614469085765734e+01
4.604985222344080142e+00
-3.314256036311929421e+01
4.615389495162599331e+00
-3.315887941437701869e+01
4.625700724656195639e+00
-3.317510269762761510e+01
4.635920044983534716e+00
-3.319123105115982497e+01
4.646048571159903773e+00
-3.320726529889132905e+01
4.656087399464601262e+00
-3.322320625068936550e+01
4.666037607837435708e+00
-3.323905470269282603e+01
4.675900256265833832e+00
-3.325481143761915348e+01
4.685676387161757717e+00
-3.327047722507052896e+01
4.695367025729663801e+00
-3.328605282181485592e+01
4.704973180323348103e+00
-3.330153897208249703e+01
4.714495842796525338e+00
-3.331693640783472432e+01
4.723935988842264067e+00
-3.333224584903904741e+01
4.733294578325523361e+00
-3.334746800392698418e+01
4.742572555606326290e+00
-3.336260356925775028e+01
4.751770849856560730e+00
-3.337765323055644018e+01
4.760890375366559901e+00
-3.339261766236638351e+01
4.769932031846876086e+00
-3.340749752847933252e+01
4.778896704720357214e+00
-3.342229348216940110e+01
4.787785265409034707e+00
-3.343700616641461920e+01
4.796598571612806339e+00
-3.345163621411924737e+01
4.805337467581993316e+00
-3.346618424832212924e+01
4.814002784383186295e+00
-3.348065088240799270e+01
4.822595340158883914e+00
-3.349503672030748902e+01
4.831115940380708906e+00
-3.350934235669507899e+01
4.839565378096891024e+00
-3.352356837718678406e+01
4.847944434174557671e+00
-3.353771535851693386e+01
4.856253877534209451e+00
-3.355178386873055274e+01
4.864494465381426380e+00
-3.356577446735609982e+01
4.872666943431045894e+00
-3.357968770558372285e+01
4.880772046127654029e+00
-3.359352412643096386e+01
4.888810496859905541e+00
-3.360728426491108678e+01
4.896783008170373819e+00
-3.362096864819622510e+01
4.904690281961245901e+00
-3.363457779577016993e+01
4.912533009693615504e+00
-3.364811221958414933e+01
4.920311872583835289e+00
-3.366157242420867846e+01
4.928027541794991251e+00
-3.367495890697859551e+01
4.935680678623709738e+00
-3.368827215813568898e+01
4.943271934683020064e+00
-3.370151266097307996e+01
4.950801952081818058e+00
-3.371468089196231688e+01
4.958271363598369064e+00
-3.372777732089358693e+01
4.965680792852118941e+00
-3.374080241100479327e+01
4.973030854470855466e+00
-3.375375661910828029e+01
4.980322154253954636e+00
-3.376664039571318199e+01
4.987555289332195940e+00
-3.377945418514568132e+01
4.994730848323955641e+00
-3.379219842567052012e+01
5.001849411488735520e+00
-3.380487354960668966e+01
5.008911550876515406e+00
-3.381747998343811190e+01
5.015917830474294625e+00
-3.383001814792165618e+01
5.022868806348860460e+00
-3.384248845820437879e+01
5.029765026788229676e+00
-3.385489132391774092e+01
5.036607032437453668e+00
-3.386722714928608724e+01
5.043395356433626020e+00
-3.387949633322785559e+01
5.050130524537412846e+00
-3.389169926945358924e+01
5.056813055261599743e+00
-3.390383634656003409e+01
5.063443459996925355e+00
-3.391590794812464082e+01
5.070022243135318796e+00
-3.392791445280052187e+01
5.076549902191119124e+00
-3.393985623440617871e+01
5.083026927919313209e+00
-3.395173366200935305e+01
5.089453804430669415e+00
-3.396354710001364197e+01
5.095831009305374693e+00
-3.397529690824651993e+01
5.102159013704360646e+00
-3.398698344204217392e+01
5.108438282478453552e+00
-3.399860705231373004e+01
5.114669274273590638e+00
-3.401016808564379090e+01
5.120852441636863261e+00
-3.402166688435332276e+01
5.126988231117630690e+00
-3.403310378657946700e+01
5.133077083368193350e+00
-3.404447912634514495e+01
5.139119433241285506e+00
-3.405579323364418087e+01
5.145115709887964073e+00
-3.406704643449386793e+01
5.151066336849615013e+00
-3.407823905102141993e+01
5.156971732152414667e+00
-3.408937140151863332e+01
5.162832308396515302e+00
-3.410044380051742507e+01
5.168648472845664088e+00
-3.411145655884582339e+01
5.174420627513361737e+00
-3.412240998370087652e+01
5.180149169249098406e+00
-3.413330437870659750e+01
5.185834489821623094e+00
-3.414414004397141156e+01
5.191476976000582333e+00
-3.415491727615615503e+01
5.197077009637554923e+00
-3.416563636852209385e+01
5.202634967744154793e+00
-3.417629761100013042e+01
5.208151222570361227e+00
-3.418690129023647017e+01
5.213626141679379877e+00
-3.419744768965269799e+01
5.219060088022439814e+00
-3.420793708949864254e+01
5.224453420011732518e+00
-3.421836976690642729e+01
5.229806491592064788e+00
-3.422874599593964717e+01
5.235119652310721072e+00
-3.423906604764651718e+01
5.240393247386843534e+00
-3.424933019010731527e+01
5.245627617778478857e+00
-3.425953868848446859e+01
5.250823100249114361e+00
-3.426969180506808499e+01
5.255980027432548773e+00
-3.427978979932743187e+01
5.261098727897226546e+00
-3.428983292795140159e+01
5.266179526208222050e+00
-3.429982144489787999e+01
5.271222742989269072e+00
-3.430975560143289016e+01
5.276228694982626699e+00
-3.431963564617946361e+01
5.281197695108804879e+00
-3.432946182515194522e+01
5.286130052523748013e+00
-3.433923438180873688e+01
5.291026072677436964e+00
-3.434895355708177789e+01
5.295886057368362820e+00
-3.435861958942469840e+01
5.300710304799681083e+00
-3.436823271484756503e+01
5.305499109632473065e+00
-3.437779316695414877e+01
5.310252763038901591e+00
-3.438730117698542443e+01
5.314971552754727213e+00
-3.439675697384907949e+01
5.319655763129732762e+00
-3.440616078416314849e+01
5.324305675178693242e+00
-3.441551283228430691e+01
5.328921566629883699e+00
-3.442481334035007023e+01
5.333503711974385553e+00
-3.443406252830661174e+01
5.338052382512856298e+00
-3.444326061394346539e+01
5.342567846402479503e+00
-3.445240781293242804e+01
5.347050368703370360e+00
-3.446150433885259901e+01
5.351500211423055653e+00
-3.447055040322342734e+01
5.355917633560782321e+00
-3.447954621554016086e+01
5.360302891151539129e+00
-3.448849198329988752e+01
5.364656237308403242e+00
-3.449738791203545674e+01
5.368977922264861924e+00
-3.450623420533801067e+01
5.373268193415476901e+00
-3.451503106489452222e+01
5.377527295357294790e+00
-3.452377869051219506e+01
5.381755469929295543e+00
-3.453247728014266471e+01
5.385952956251331081e+00
-3.454112702991675121e+01
5.390119990763234448e+00
-3.454972813416323874e+01
5.394256807261900377e+00
-3.455828078544498538e+01
5.398363636939679466e+00
-3.456678517457495303e+01
5.402440708419632642e+00
-3.457524149065023522e+01
5.406488247792609059e+00
-3.458364992106782410e+01
5.410506478651591955e+00
-3.459201065155653509e+01
5.414495622127101448e+00
-3.460032386619610634e+01
5.418455896921088311e+00
-3.460858974745053729e+01
5.422387519341353546e+00
-3.461680847617750345e+01
5.426290703333121357e+00
-3.462498023166047290e+01
5.430165660512697556e+00
-3.463310519162548218e+01
5.434012600198631304e+00
-3.464118353227336655e+01
5.437831729444351225e+00
-3.464921542828733436e+01
5.441623253067425559e+00
-3.465720105286303010e+01
5.445387373680977916e+00
-3.466514057772991464e+01
5.449124291723773439e+00
-3.467303417316725955e+01
5.452834205488742647e+00
-3.468088200802881715e+01
5.456517311152869532e+00
-3.468868424975742215e+01
5.460173802804757059e+00
-3.469644106441236175e+01
5.463803872473535606e+00
-3.470415261667815798e+01
5.467407710155374190e+00
-3.471181906989158250e+01
5.470985503841290232e+00
-3.471944058605745909e+01
5.474537439543715855e+00
-3.472701732586921253e+01
