1.480956384694731565e+00
1.394935384205758577e+00
1.399666291050107203e+00
1.369595177653923468e+00
1.366729661269632023e+00
1.351276028349971625e+00
1.347118110935091817e+00
1.338396502386397735e+00
1.334650515283184680e+00
1.329626047947580325e+00
1.327030912437641152e+00
1.323711765322649558e+00
1.321763136331009836e+00
1.319980304625803402e+00
1.318503078766292358e+00
1.317121262868747866e+00
1.316459289272617461e+00
1.315404949933659973e+00
1.314700656913145638e+00
1.313902964484602975e+00
1.313771913326067242e+00
1.313329776322625264e+00
1.312975901383392596e+00
1.312594527502777275e+00
1.312688367606702711e+00
1.312529835998970995e+00
1.312336383853638599e+00
1.312165537113361369e+00
1.312367035364449208e+00
1.312365551491408322e+00
1.312263057364963403e+00
1.312217258971267286e+00
1.312478060623259779e+00
1.312574871227823792e+00
1.312531796701752906e+00
1.312568542257203319e+00
1.312865388044514692e+00
1.313028297264834166e+00
1.313027464978897774e+00
1.313121610000474782e+00
1.313441051629319123e+00
1.313649952620260075e+00
1.313680637620714853e+00
1.313815596012048781e+00
1.314148878678146337e+00
1.314390151635682624e+00
1.314445020019571642e+00
1.314609240809407442e+00
1.314950354270119970e+00
1.315214404566876771e+00
1.315288195498671486e+00
1.315473436085917491e+00
1.315818174607894075e+00
1.316098136454492584e+00
1.316186993008192641e+00
1.316387313202139975e+00
1.316732725912446167e+00
1.317023660641700511e+00
1.317124723386265295e+00
1.317335827186323360e+00
1.317679857162772583e+00
1.317978209137667278e+00
1.318089340466701564e+00
1.318308117481216346e+00
1.318649349690561801e+00
1.318952561295958503e+00
1.319072149417059414e+00
1.319296346591791069e+00
1.319633827102882240e+00
1.319940061799230291e+00
1.320066878969313073e+00
1.320294863393489448e+00
1.320627968651116868e+00
1.320935910686703796e+00
1.321069010145963230e+00
1.321299597294130379e+00
1.321627939519963268e+00
1.321936648948883741e+00
1.322075289935159104e+00
1.322307619328364492e+00
1.322630978170485250e+00
1.322939785969737825e+00
1.323083379198456200e+00
1.323316824477727582e+00
1.323635097727162702e+00
1.323943529997065882e+00
1.324091598049926599e+00
1.324325701999975236e+00
1.324638870129436263e+00
1.324946593364158876e+00
1.325098741919194412e+00
1.325333169555875656e+00
1.325641270256378013e+00
1.325948051858977017e+00
1.326103948790233744e+00
1.326338453508194570e+00
1.326641563443523797e+00
1.326947243257706965e+00
1.327106603439480281e+00
1.327341002592433039e+00
1.327639224356503167e+00
1.327943694152436738e+00
1.328106268394625200e+00
1.328340425682633219e+00
1.328633878502807342e+00
1.328937067201702682e+00
1.329102634175211461e+00
1.329336446941668859e+00
1.329625260076111815e+00
1.329927123113258780e+00
1.330095483439021287e+00
1.330328873507253373e+00
1.330613181578162996e+00
1.330913693248907403e+00
1.331084665152783231e+00
1.331317572214008038e+00
1.331597511930497690e+00
1.331896659885903889e+00
1.332070075987115798e+00
1.332302452827149208e+00
1.332578160704703141e+00
1.332875941995778524e+00
1.333051646916687982e+00
1.333283455967709363e+00
1.333555066761216157e+00
1.333851484998611170e+00
1.334029333570190046e+00
1.334260544417365413e+00
1.334528190064483866e+00
1.334823253381366204e+00
1.335003109281417188e+00
1.335233696857773378e+00
1.335497505786240380e+00
1.335791225379405978e+00
1.335972960085807459e+00
1.336202903363194583e+00
1.336463000057136696e+00
1.336755389144344885e+00
1.336938881118266309e+00
1.337168162155923934e+00
1.337424666905586923e+00
1.337715739982324958e+00
1.337900874019977371e+00
1.338129477271189582e+00
1.338382506051998710e+00
1.338672278363608692e+00
1.338858945072060047e+00
1.339086856876874121e+00
1.339336521318893025e+00
1.339625008487493441e+00
1.339813103852460330e+00
1.340040312064809003e+00
1.340286719484853339e+00
1.340573937247496961e+00
1.340763362269688397e+00
1.340989855981742807e+00
1.341233109458120243e+00
1.341519073484717328e+00
1.341709733867956666e+00
1.341935503204675140e+00
1.342175701680381472e+00
1.342460427448815441e+00
1.342652233327621625e+00
1.342877269292266362e+00
1.343114507696484328e+00
1.343398010408717314e+00
1.343590876106364629e+00
1.343815170462951070e+00
1.344049539843669372e+00
1.344331834371020218e+00
1.344525678181612172e+00
1.344749223364287705e+00
1.344980811026930345e+00
1.345261911876149963e+00
1.345456655865810980e+00
1.345679444907910582e+00
1.345908334556357389e+00
1.346188255850516047e+00
1.346383825674275725e+00
1.346605852151732119e+00
1.346832124029362365e+00
1.347110879499056724e+00
1.347307204230717259e+00
1.347528462216132539e+00
1.347752193245040919e+00
1.348029796226946297e+00
1.348226808199968874e+00
1.348447292224561167e+00
1.348668556141871200e+00
1.348945019582294513e+00
1.349142654240242045e+00
1.349362359261723654e+00
1.349581226752209373e+00
1.349856563214064886e+00
1.350054758969446267e+00
1.350273680344334259e+00
1.350490219168894779e+00
1.350764440840984904e+00
1.350963138941609243e+00
1.351181272401008382e+00
1.351395547520675589e+00
1.351668666228399429e+00
1.351867810630527522e+00
1.352085152258521550e+00
1.352297225953936977e+00
1.352569253170923025e+00
1.352768790418648504e+00
1.352985336632824831e+00
1.353195268619026947e+00
1.353466215479219192e+00
1.353666094589633495e+00
1.353881842123319412e+00
1.354089689660026963e+00
1.354359566969891349e+00
1.354559739323612622e+00
1.354774685209480412e+00
1.354980503206836717e+00
1.355249321457632661e+00
1.355449740694369520e+00
1.355663882249201091e+00
1.355867723369080569e+00
1.356135492748934412e+00
1.356336114667819892e+00
1.356549449478300140e+00
1.356751364231405965e+00
1.357018094637092887e+00
1.357218877101477261e+00
1.357431403010810111e+00
1.357631439849633415e+00
1.357897140898077337e+00
1.358098043744601524e+00
1.358309758839910231e+00
1.358507964247674504e+00
1.358772645287094516e+00
1.358973630238797137e+00
1.359184532839218251e+00
1.359380951415003702e+00
1.359644621535659237e+00
1.359845652118908621e+00
1.360055740764285925e+00
1.360250415304528948e+00
1.360513083349086161e+00
1.360714124814217385e+00
1.360923398254407779e+00
1.361116369830766448e+00
1.361378044404246479e+00
1.361579063649673849e+00
1.361787520834318421e+00
1.361978828868251501e+00
1.362239518347660772e+00
1.362440483847299433e+00
1.362648123916145870e+00
1.362837806250198902e+00
1.363097518793660257e+00
1.363298400527596099e+00
1.363505222801245864e+00
1.363693315767254388e+00
1.363952059322848687e+00
1.364152828710978538e+00
1.364358832682112777e+00
1.364545371166390630e+00
1.364803153480619313e+00
1.365003783319240105e+00
1.365208968644202159e+00
1.365393986149960215e+00
1.365650814775813737e+00
1.365851279177010547e+00
1.366055645667787033e+00
1.366239174374745513e+00
1.366495056679490228e+00
1.366695331013098702e+00
1.366898878629737579e+00
1.367080949451206173e+00
1.367335892623788407e+00
1.367535953461980203e+00
1.367738682305270181e+00
1.367919324942671988e+00
1.368173336000848339e+00
1.368373161065116195e+00
1.368575071369611873e+00
1.368754314364712954e+00
1.369007400161847965e+00
1.369206968272284941e+00
1.369408060399735838e+00
1.369585931184478245e+00
1.369838098416066074e+00
1.370037389442894549e+00
1.370237663875863765e+00
1.370414188820143542e+00
1.370665444030042313e+00
1.370864438847252620e+00
1.371063896183082775e+00
1.371239100640367248e+00
1.371489450226796691e+00
1.371688130667824135e+00
1.371886771612859768e+00
1.372060679963833074e+00
1.372310130185036448e+00
1.372508479000342341e+00
1.372706304364467389e+00
1.372878940058753328e+00
1.373127497038535871e+00
1.373325497855102606e+00
1.373522508546445087e+00
1.373693894142532956e+00
1.373941563875445970e+00
1.374139201158010692e+00
1.374335398177915835e+00
1.374505555381376087e+00
1.374752343737742688e+00
1.374949602751717848e+00
1.375144987189984347e+00
1.375313936889924538e+00
1.375559849620652919e+00
1.375756716396681734e+00
1.375951289426984303e+00
1.376119051730999576e+00
1.376364094472166677e+00
1.376560555772225136e+00
1.376754318647733344e+00
1.376920912915307937e+00
1.377165091192531721e+00
1.377361134477555149e+00
1.377554088526792064e+00
1.377719533401200236e+00
1.377962852633868085e+00
1.378158466032716634e+00
1.378350612655558471e+00
1.378514926094450921e+00
1.378757391599740423e+00
1.378952563879585647e+00
1.379143904543475907e+00
1.379307103848092630e+00
1.379548720844811172e+00
1.379743441382803359e+00
1.379933977619115737e+00
1.380096079462216352e+00
1.380336853074512149e+00
1.380531111830656466e+00
1.380720845231258487e+00
1.380881865683838861e+00
1.381121800944710376e+00
1.381315588435993336e+00
1.381504520649914580e+00
1.381664475206805465e+00
1.381903577061487143e+00
1.382096884337059794e+00
1.382285017067379052e+00
1.382443920671654780e+00
1.382682193980842023e+00
1.382875012598371978e+00
1.383062347599172570e+00
1.383220214665546788e+00
1.383457664208516347e+00
1.383649986211501925e+00
1.383836525285010444e+00
1.383993369722229305e+00
1.384230000199777155e+00
1.384421818095865842e+00
1.384607563089736981e+00
1.384763398321922967e+00
1.384999214359233566e+00
1.385190521099562977e+00
1.385375473904207899e+00
1.385530312891384730e+00
1.385765319040704657e+00
1.385956108000031328e+00
1.386140270546189157e+00
1.386294125803797961e+00
1.386528326547060930e+00
1.386718591504892961e+00
1.386901965761200728e+00
1.387054849378860588e+00
1.387288249130192774e+00
1.387477984252598606e+00
1.387660572223342825e+00
1.387812495882752017e+00
1.388045098990816406e+00
1.388234298813159961e+00
1.388416102536091490e+00
1.388567077528140015e+00
1.388798888278456545e+00
1.388987547688820712e+00
1.389168569233110828e+00
1.389318606474284845e+00
1.389549629091431981e+00
1.389737743314761298e+00
1.389917984778996862e+00
1.390067094827059924e+00
1.390297333476687935e+00
1.390484898059699548e+00
1.390664361570014940e+00
1.390812554638983345e+00
1.391042013429916402e+00
1.391229024226567024e+00
1.391407711934856239e+00
1.391554997909360214e+00
1.391783680895464892e+00
1.391970134053131636e+00
1.392148048135312566e+00
1.392294436584326167e+00
1.392522347766348423e+00
1.392708239712579843e+00
1.392885382366990443e+00
1.393030882556915984e+00
1.393258025884287710e+00
1.393443353314155697e+00
1.393619726759960376e+00
1.393764347667258541e+00
1.393990727039712496e+00
1.394175486903717509e+00
1.394351093379436080e+00
1.394494843702575482e+00
1.394720462971849040e+00
1.394904652464296291e+00
1.395079494226389549e+00
1.395222382397379057e+00
1.395447245368693689e+00
1.395630861916706600e+00
1.395804941238211860e+00
1.395946975433577819e+00
1.396171085867178085e+00
1.396354127120026822e+00
1.396527446289292929e+00
1.396668634440613843e+00
1.396891996053147622e+00
1.397074459872193808e+00
1.397247021191608152e+00
1.397387370995585298e+00
1.397609987461482017e+00
1.397791871910481820e+00
1.397963677695351237e+00
1.398103196623422750e+00
1.398325071576216994e+00
1.398506374912064754e+00
1.398677427489458669e+00
1.398816122797025496e+00
1.399037259830598234e+00
1.399217980494482205e+00
1.399388282202168599e+00
1.399526160937415664e+00
1.399746563607206173e+00
1.399926700216145292e+00
1.400096253401607926e+00
1.400233322413925396e+00
1.400452994238047477e+00
1.400632545576834476e+00
1.400801352596266813e+00
1.400937618544361607e+00
1.401156563004743560e+00
1.401335528018171850e+00
1.401503591235575774e+00
1.401639060595152753e+00
1.401857281138592315e+00
1.402035658924057682e+00
1.402202980710389069e+00
1.402337659781538237e+00
1.402555159820721542e+00
1.402732949621190883e+00
1.402899532353461876e+00
1.403033427267793343e+00
1.403250210182237723e+00
1.403427411379467804e+00
1.403593257440003628e+00
1.403726374167356017e+00
1.403942443304373899e+00
1.404119055412440087e+00
1.404284167188108334e+00
1.404416511543044255e+00
1.404631870218649325e+00
1.404807892877771858e+00
1.404972272759230201e+00
1.405103850407259047e+00
1.405318501906980266e+00
1.405493934877628082e+00
1.405657585258682118e+00
1.405788401722150471e+00
1.406002349301922250e+00
1.406177192459121539e+00
1.406340115736034235e+00
1.406470176399858829e+00
1.406683423286746892e+00
1.406857676614731822e+00
1.407019875185637758e+00
1.407149185302671413e+00
1.407361734695676159e+00
1.407535398282703021e+00
1.407696874546966015e+00
1.407825439243271859e+00
1.408037294314050225e+00
1.408210368347417196e+00
1.408371124705108945e+00
1.408498948984890919e+00
1.408710112878443610e+00
1.408882597639859124e+00
1.409042636491194767e+00
1.409169725241571358e+00
1.409380201076931849e+00
1.409552096937908505e+00
1.409711420682767447e+00
1.409837778678350695e+00
1.410047569549230717e+00
1.410218876966821799e+00
1.410377488004230129e+00
1.410503119911475478e+00
1.410712228886864539e+00
1.410882948399533765e+00
1.411040849127211727e+00
1.411165759508614448e+00
1.411374189633409992e+00
1.411544321857062023e+00
1.411701514671005686e+00
1.411825707989076806e+00
1.412033462284637331e+00
1.412203007908861441e+00
1.412359495202911042e+00
1.412482975824040698e+00
1.412690057288711776e+00
1.412859017073199386e+00
1.413014801238635876e+00
1.413137573436733518e+00
1.413343985046450424e+00
1.413512359817494790e+00
1.413667443242681676e+00
1.413789511202697025e+00
1.413995255911411952e+00
1.414163046558666981e+00
1.414317431628688171e+00
1.414438799449989626e+00
1.414643880190209480e+00
1.414811087663510047e+00
1.414964776759816800e+00
1.415085448459381112e+00
1.415289868142632912e+00
1.415456493448986386e+00
1.415609488949115535e+00
1.415729468464624219e+00
1.415933229981885644e+00
1.416099274182592627e+00
1.416251578459829297e+00
1.416370869652629150e+00
1.416573975874799940e+00
1.416739440082706691e+00
1.416891055505790309e+00
1.417009662163727812e+00
1.417212115941997252e+00
1.417377001318874896e+00
1.417527930251751389e+00
1.417645856091841017e+00
1.417847660258152898e+00
1.418011968012169222e+00
1.418162212813730561e+00
1.418279461484762027e+00
1.418480618852166586e+00
1.418644350235479745e+00
1.418793913259304595e+00
1.418910488344361287e+00
1.419111001707380026e+00
1.419274158013855924e+00
1.419423041607980274e+00
1.419538946626781595e+00
1.419738818761814070e+00
1.419901401324801915e+00
1.420049607831511462e+00
1.420164846242707668e+00
1.420364079908307708e+00
1.420526090098594985e+00
1.420673621854203539e+00
1.420788197057541780e+00
1.420986794994831826e+00
1.421148234218580164e+00
1.421295093553240241e+00
1.421409008891665771e+00
1.421606973824596221e+00
1.421767843521468011e+00
1.421914032759008517e+00
1.422027291520652659e+00
1.422224626156340710e+00
1.422384927797644139e+00
1.422530449255351659e+00
1.422643054675490681e+00
1.422839761704518757e+00
1.422999496791447882e+00
1.423144352779946331e+00
1.423256308042789575e+00
1.423452390139499757e+00
1.423611560201495818e+00
1.423755753024564585e+00
1.423867061265042144e+00
1.424062521087797517e+00
1.424221127680925125e+00
1.424364659635351860e+00
1.424475323940803229e+00
1.424670164132270544e+00
1.424828208837700227e+00
1.424971082213174478e+00
1.425081105624954159e+00
1.425275328812354303e+00
1.425432813234892127e+00
1.425575030313842584e+00
1.425684415828890605e+00
1.425878024624266605e+00
1.426034950390961731e+00
1.426176513448454974e+00
1.426285264020751731e+00
1.426478261021201899e+00
1.426634629780028529e+00
1.426775541083653120e+00
1.426883659625665324e+00
1.427076047413560200e+00
1.427231860832144150e+00
1.427372122641895391e+00
1.427479612025947198e+00
1.427671393169184011e+00
1.427826652933549711e+00
1.427966267501748376e+00
1.428073130561307247e+00
1.428264307613507533e+00
1.428419015426984018e+00
1.428557984998165331e+00
1.428664224529104132e+00
1.428854800029845551e+00
1.429008957611895614e+00
1.429147284422727093e+00
1.429252903184551116e+00
1.429442879659546639e+00
1.429596488744723892e+00
1.429734175023956944e+00
1.429839175740899471e+00
1.430028555702230975e+00
1.430181618039186642e+00
1.430318666007510897e+00
1.430423051369711374e+00
1.430611837315989288e+00
1.430764354666494320e+00
1.430900766536541635e+00
1.431004539201058412e+00
1.431192733617612678e+00
1.431344707755618062e+00
1.431480485731872365e+00
1.431583648323693669e+00
1.431771253682774248e+00
1.431922686393570121e+00
1.432057832672283482e+00
1.432160387785338607e+00
1.432347406546270019e+00
1.432498299625593940e+00
1.432632816394765918e+00
1.432734766592849818e+00
1.432921201202195238e+00
1.433071556455487450e+00
1.433205445894797592e+00
1.433306793712446181e+00
1.433492646604189957e+00
1.433642465845758052e+00
1.433775730126540360e+00
1.433876478069906923e+00
1.434061751665613782e+00
1.434211036717957910e+00
1.434343678003131117e+00
1.434443828550819866e+00
1.434628525259765697e+00
1.434777277952851593e+00
1.434909298396899402e+00
1.435008854000757061e+00
1.435192976220098782e+00
1.435341198390705175e+00
1.435472600139628963e+00
1.435571563225495950e+00
1.435755113340404732e+00
1.435902806831478751e+00
1.436033592022796235e+00
1.436131964991229193e+00
1.436314945375057661e+00
1.436462112035101324e+00
1.436592282797780395e+00
1.436690068024781830e+00
1.436872481039164207e+00
1.437019122721673536e+00
1.437148681176136034e+00
1.437245881013804238e+00
1.437427729008812438e+00
1.437573847571701036e+00
1.437702795829786773e+00
1.437799412606982408e+00
1.437980697921247941e+00
1.438126295226347828e+00
1.438254635391313485e+00
1.438350671414249771e+00
1.438531396375102966e+00
1.438676474287639007e+00
1.438804208454126377e+00
1.438899666006986600e+00
1.439079832930551861e+00
1.439224393318686346e+00
1.439351523572710345e+00
1.439446404918225397e+00
1.439626016109566198e+00
1.439770060843914568e+00
1.439896589262863902e+00
1.439990896642851181e+00
1.440169954396071317e+00
1.440313485349296929e+00
1.440439414001917440e+00
1.440533149637798438e+00
1.440711656236179916e+00
1.440854675282527531e+00
1.440980006228933741e+00
1.441073172322275164e+00
1.441251130038340378e+00
1.441393639053314857e+00
1.441518374344944897e+00
1.441610973077924296e+00
1.441788384173594562e+00
1.441930385033521889e+00
1.442054526713193008e+00
1.442146560249046860e+00
1.442323426975716583e+00
1.442464921557424562e+00
1.442588471659291605e+00
1.442679942142816252e+00
1.442856266741466165e+00
1.442997256921908944e+00
1.443120217471474565e+00
1.443211127029413898e+00
1.443386911730714983e+00
1.443527399386672183e+00
1.443649772400812825e+00
1.443740123142305709e+00
1.443915370166707568e+00
1.444055357174456322e+00
1.444177144661397794e+00
1.444266938678366863e+00
1.444441650236179209e+00
1.444581138471250803e+00
1.444702342430582487e+00
1.444791581798118951e+00
1.444965760089646167e+00
1.445104751426455447e+00
1.445225373849175599e+00
1.445314060625896291e+00
1.445487707841493386e+00
1.445626204153148020e+00
1.445746247021610920e+00
1.445834383250063082e+00
1.446007501570224951e+00
1.446145504728241438e+00
1.446264970016226670e+00
1.446352557723168175e+00
1.446525149318634185e+00
1.446662661192703148e+00
1.446781550865392063e+00
1.446868592062159786e+00
1.447040659094010584e+00
1.447177681551749640e+00
1.447295997565769987e+00
1.447382494248592444e+00
1.447554038868273940e+00
1.447690573775059830e+00
1.447808318078445122e+00
1.447894272228752666e+00
1.448065296578222139e+00
1.448201345796926276e+00
1.448318520329213044e+00
1.448403933913919417e+00
1.448574440125691032e+00
1.448710005516498089e+00
1.448826612208677256e+00
1.448911487180481128e+00
1.449081477377729854e+00
1.449216560797968789e+00
1.449332601572532297e+00
1.449416939870164178e+00
1.449586416166771308e+00
1.449721019470736838e+00
1.449836496241694084e+00
1.449920299790212974e+00
1.450089264290851387e+00
1.450223389329616808e+00
1.450338304002523726e+00
1.450421574713546047e+00
1.450590029513765922e+00
1.450723678135045436e+00
1.450838032606986516e+00
1.450920772378960777e+00
1.451088719565256202e+00
1.451221893613247271e+00
1.451335689772913051e+00
1.451417900491300372e+00
1.451585342141169743e+00
1.451718043456408758e+00
1.451831283184064292e+00
1.451912966721657927e+00
1.452079904903676555e+00
1.452212135322894060e+00
1.452324820490451529e+00
1.452405978707505430e+00
1.452572415481407475e+00
1.452704176837416927e+00
1.452816309308429421e+00
1.452896944052898265e+00
1.453062881469647349e+00
1.453194175591226545e+00
1.453305757220903160e+00
1.453385870328695706e+00
1.453551310430507781e+00
1.453682139142262075e+00
1.453793171777538307e+00
1.453872765072640627e+00
1.454037709893113428e+00
1.454168075015383366e+00
1.454278560494891348e+00
1.454357635789610415e+00
1.454522087353739224e+00
1.454651990702509057e+00
1.454761930856654839e+00
1.454840489951753746e+00
1.455004450276016215e+00
1.455133893662808209e+00
1.455243290313735116e+00
1.455321334998700422e+00
1.455484806091090988e+00
1.455613791322866390e+00
1.455722646284554944e+00
1.455800178337669060e+00
1.455963162197779326e+00
1.456091691076877304e+00
1.456200006155121907e+00
1.456277027343682473e+00
1.456439525962795578e+00
1.456567600286811537e+00
1.456675377279269767e+00
1.456751889359735763e+00
1.456913904720817721e+00
1.457041526282585986e+00
1.457148766978787702e+00
1.457224771696963295e+00
1.457386305774752699e+00
1.457513476362224392e+00
1.457620182543638787e+00
1.457695681634755713e+00
1.457856736395842789e+00
1.457983457792057624e+00
1.458089631232066585e+00
1.458164626421019516e+00
1.458325203823866989e+00
1.458451477806866681e+00
1.458557120270831176e+00
1.458631613272244998e+00
1.458791715267267586e+00
1.458917543610051215e+00
1.459022656855342603e+00
1.459096649373744725e+00
1.459256277903349552e+00
1.459381662373814503e+00
1.459486248149837406e+00
1.459559741879781658e+00
1.459718898878409110e+00
1.459843841239322648e+00
1.459947901287517169e+00
1.460020897913707261e+00
1.460179585307938233e+00
1.460304087316852906e+00
1.460407623370768126e+00
1.460480124568188653e+00
1.460638344276731670e+00
1.460762407685953335e+00
1.460865421471264192e+00
1.460937428905314306e+00
1.461095182839089457e+00
1.461218809395678386e+00
1.461321302630180341e+00
1.461392817956756351e+00
1.461550108018964789e+00
1.461673299464649967e+00
1.461775273858334945e+00
1.461846298723970650e+00
1.462003126810088594e+00
1.462125884881253057e+00
1.462227342136339647e+00
1.462297878178296040e+00
1.462454246176182249e+00
1.462576572603836667e+00
1.462677514414768787e+00
1.462747563261167283e+00
1.462903473051076375e+00
1.463025369560825517e+00
1.463125797614310386e+00
1.463195360884204543e+00
1.463350814338871153e+00
1.463472282650877920e+00
1.463572198625943122e+00
1.463641277929445428e+00
1.463796276914088645e+00
1.463917318743085616e+00
1.464016724311066886e+00
1.464085321249436467e+00
1.464239867621830893e+00
1.464360484677051044e+00
1.464459381501691748e+00
1.464527497667407419e+00
1.464681593277936233e+00
1.464801787263138033e+00
1.464900177000536985e+00
1.464967813977442690e+00
1.465121460669128295e+00
1.465241233282544631e+00
1.465339117581241135e+00
1.465406276944591912e+00
1.465559476553141005e+00
1.465678829487504498e+00
1.465776209988497003e+00
1.465842893305035144e+00
1.465995647658911327e+00
1.466114582601398375e+00
1.466211460938182221e+00
1.466277669766264058e+00
1.466429980686703605e+00
1.466548499318952814e+00
1.466644877117520895e+00
1.466710613007177422e+00
1.466862482308227911e+00
1.466980586306334322e+00
1.467076465185257472e+00
1.467141729678270945e+00
1.467293159166875416e+00
1.467410850201348316e+00
1.467506231771752656e+00
1.467571026401746970e+00
1.467722017877749696e+00
1.467839297613556804e+00
1.467934183479209231e+00
1.467998509771707649e+00
1.468149065027892775e+00
1.468265935124421606e+00
1.468360326881714695e+00
1.468424186354226446e+00
1.468574307176415239e+00
1.468690769287472442e+00
1.468784668525484616e+00
1.468848062687587053e+00
1.468997750854615258e+00
1.469113806628432606e+00
1.469207214928949901e+00
1.469270145282331352e+00
1.469419402566123800e+00
1.469535053645380174e+00
1.469627972582919107e+00
1.469690440621466365e+00
1.469839268787080266e+00
1.469954516808858358e+00
1.470046947950705230e+00
1.470108955160586817e+00
1.470257355966232415e+00
1.470372202562062025e+00
1.470464147468306004e+00
1.470525695327999260e+00
1.470673670525106447e+00
1.470788117320946053e+00
1.470879577544508265e+00
1.470940667524880396e+00
1.471088218858116248e+00
1.471202267474355008e+00
1.471293244561017621e+00
1.471353878125405634e+00
1.471501007332727706e+00
1.471614659384218537e+00
1.471705154872649191e+00
1.471765333476909188e+00
1.471912042289588607e+00
1.472025299385628427e+00
1.472115314807423303e+00
1.472175039899968674e+00
1.472321330042659415e+00
1.472434193787008461e+00
1.472523730666711828e+00
1.472583003688598513e+00
1.472728876879352278e+00
1.472841348870220557e+00
1.472930408725375395e+00
1.472989231110357178e+00
1.473134689060665137e+00
1.473246770890765500e+00
1.473335355231915056e+00
1.473393728406473979e+00
1.473538772821307408e+00
1.473650466077846666e+00
1.473738576408570644e+00
1.473796501792007607e+00
1.473941134369863182e+00
1.474052440634525230e+00
1.474140078451499525e+00
1.474197557455968699e+00
1.474341779888883597e+00
1.474452700737889144e+00
1.474539867530879622e+00
1.474596901561428197e+00
1.474740715535046487e+00
1.474851252539121527e+00
1.474937949791043978e+00
