5.689647737940105365e+00
-3.208262299965763731e+01
-5.110044073220866068e+00
-2.026779497002835839e+01
-1.053956848942017643e+01
-1.689409649423666337e+01
-1.311020502482591255e+01
-1.586609690599996547e+01
-1.438557434643584010e+01
-1.560359960612560570e+01
-1.501880726071517635e+01
-1.564271354126431213e+01
-1.542412416412499709e+01
-1.552060337661450795e+01
-1.572434102599734551e+01
-1.600145789283250863e+01
-1.571798613348138574e+01
-1.583271761963606927e+01
-1.604228751512965445e+01
-1.625660456561976019e+01
-1.597863378441403803e+01
-1.604526284587344165e+01
-1.625891826458291689e+01
-1.642833732923526924e+01
-1.616076270690935246e+01
-1.619465682668037942e+01
-1.641061138366436722e+01
-1.654753058768916674e+01
-1.629158220846140281e+01
-1.630265036826305902e+01
-1.651829668807026152e+01
-1.663110970627747776e+01
-1.638678962026942543e+01
-1.638189145189281959e+01
-1.659496341923758322e+01
-1.668967197328333540e+01
-1.645656969432819139e+01
-1.644061373420787930e+01
-1.664941107867031178e+01
-1.673040018157152176e+01
-1.650798369943113642e+01
-1.648451762145109001e+01
-1.668785954896469548e+01
-1.675835458297451908e+01
-1.654607420413319119e+01
-1.651766245169629244e+01
-1.671478130418465824e+01
-1.677715840415911330e+01
-1.657448358608889905e+01
-1.654297244473072226e+01
-1.673340984106494389e+01
-1.678942071211136877e+01
-1.659585228566288606e+01
-1.656256307553623941e+01
-1.674608464997760393e+01
-1.679702259054223745e+01
-1.661209542414283291e+01
-1.657796678994446182e+01
-1.675449689085503735e+01
-1.680131958625848654e+01
-1.662460141697082250e+01
-1.659029407387863486e+01
-1.675986742769601889e+01
-1.680328742525422214e+01
-1.663437624767986378e+01
-1.660034979036104019e+01
-1.676307639625385804e+01
-1.680362745584985262e+01
-1.664214852612084528e+01
-1.660871751320565792e+01
-1.676475745104808723e+01
-1.680284300306626477e+01
-1.664844592612162089e+01
-1.661582068116212341e+01
-1.676536618989031524e+01
-1.680129461257396173e+01
-1.665365070540675063e+01
-1.662196691030251827e+01
-1.676522973061662469e+01
-1.679923997353568055e+01
-1.665803996450513935e+01
-1.662738007224919556e+01
-1.676458256978651562e+01
-1.679686273768612992e+01
-1.666181479859445957e+01
-1.663222349601891636e+01
-1.676359248413012537e+01
-1.679429330418518518e+01
-1.666512138361341044e+01
-1.663661673817005138e+01
-1.676237922058303553e+01
-1.679162379945039518e+01
-1.666806621582661663e+01
-1.664064769800732790e+01
-1.676102797240601916e+01
-1.678891886730240657e+01
-1.667072711940897989e+01
-1.664438136683240188e+01
-1.675959909037846529e+01
-1.678622343778914328e+01
-1.667316119395793805e+01
-1.664786614501565509e+01
-1.675813507783257705e+01
-1.678356831858630471e+01
-1.667541055104182135e+01
-1.665113840253724220e+01
-1.675666562747302635e+01
-1.678097421783364496e+01
-1.667750645421429212e+01
-1.665422577144851601e+01
-1.675521124707405107e+01
-1.677845463741134324e+01
-1.667947230663834901e+01
-1.665714952313402719e+01
-1.675378586866362696e+01
-1.677601795296999398e+01
-1.668132580718528146e+01
-1.665992628518978691e+01
-1.675239872563332710e+01
-1.677366890858492354e+01
-1.668308050663860342e+01
-1.666256928184121122e+01
-1.675105570272459232e+01
-1.677140969010465099e+01
-1.668474693119488705e+01
-1.666508923064576564e+01
-1.674976030651204795e+01
-1.676924069533431094e+01
-1.668633339388043879e+01
-1.666749499121862854e+01
-1.674851436272181004e+01
-1.676716108609834066e+01
-1.668784658088926420e+01
-1.666979403507422575e+01
-1.674731851691829121e+01
-1.676516918339747519e+01
-1.668929197558978572e+01
-1.667199278639773752e+01
-1.674617259369668432e+01
-1.676326274972709385e+01
-1.669067416545351179e+01
-1.667409686967598503e+01
-1.674507585406024646e+01
-1.676143919025127360e+01
-1.669199706453893839e+01
-1.667611129010723303e+01
-1.674402717954122011e+01
-1.675969569567944717e+01
-1.669326407503884369e+01
-1.667804056547015179e+01
-1.674302520364340197e+01
-1.675802934324259397e+01
-1.669447820487479817e+01
-1.667988882292300445e+01
-1.674206840539984142e+01
-1.675643716760563251e+01
-1.669564215354465375e+01
-1.668165987046270260e+01
-1.674115517569962464e+01
-1.675491621021006594e+01
-1.669675837505779015e+01
-1.668335725003284509e+01
-1.674028386406401836e+01
-1.675346355316243674e+01
-1.669782912430030919e+01
-1.668498427735310941e+01
-1.673945281137385876e+01
-1.675207634207675511e+01
-1.669885649141823691e+01
-1.668654407210453172e+01
-1.673866037253086603e+01
-1.675075180102287220e+01
-1.669984242752999037e+01
-1.668803958109839058e+01
-1.673790493191536299e+01
-1.674948724186832294e+01
-1.670078876413604974e+01
-1.668947359634001160e+01
-1.673718491367860040e+01
-1.674828006963360494e+01
-1.670169722796703837e+01
-1.669084876934610051e+01
-1.673649878836400973e+01
-1.674712778505234922e+01
-1.670256945248554814e+01
-1.669216762270795229e+01
-1.673584507691449019e+01
-1.674602798516071900e+01
-1.670340698695916970e+01
-1.669343255962080264e+01
-1.673522235282983317e+01
-1.674497836253301841e+01
-1.670421130374204211e+01
-1.669464587189311544e+01
-1.673462924302391386e+01
-1.674397670358936807e+01
-1.670498380423005713e+01
-1.669580974681656471e+01
-1.673406442776810366e+01
-1.674302088628690299e+01
-1.670572582383540450e+01
-1.669692627315650313e+01
-1.673352664002212720e+01
-1.674210887741803688e+01
-1.670643863621846847e+01
-1.669799744647744788e+01
-1.673301466433197859e+01
-1.674123872965946447e+01
-1.670712345696158962e+01
-1.669902517394269381e+01
-1.673252733545112392e+01
-1.674040857850207686e+01
-1.670778144681037247e+01
-1.670001127868472324e+01
-1.673206353679061920e+01
-1.673961663912355391e+01
-1.670841371457547098e+01
-1.670095750383980970e+01
-1.673162219875922929e+01
-1.673886120326168481e+01
-1.670902131977125293e+01
-1.670186551629345573e+01
-1.673120229706020012e+01
-1.673814063613536263e+01
-1.670960527503111237e+01
-1.670273691018597972e+01
-1.673080285096902386e+01
-1.673745337342169037e+01
-1.671016654835069559e+01
-1.670357321020927088e+01
-1.673042292162033817e+01
-1.673679791832159225e+01
-1.671070606517338675e+01
-1.670437587472009611e+01
-1.673006161032393990e+01
-1.673617283871272576e+01
-1.671122471035092971e+01
-1.670514629868770484e+01
-1.672971805692359837e+01
-1.673557676440394459e+01
-1.671172332998931154e+01
-1.670588581649440840e+01
-1.672939143819626651e+01
-1.673500838448724792e+01
-1.671220273319633876e+01
-1.670659570459881849e+01
-1.672908096630564501e+01
-1.673446644479646750e+01
-1.671266369372939309e+01
-1.670727718407463414e+01
-1.672878588730856819e+01
-1.673394974546136638e+01
-1.671310695157412951e+01
-1.670793142302899881e+01
-1.672850547972083746e+01
-1.673345713856602046e+01
-1.671353321443533702e+01
-1.670855953891350154e+01
-1.672823905312925774e+01
-1.673298752590049432e+01
-1.671394315916277051e+01
-1.670916260072869619e+01
-1.672798594686792484e+01
-1.673253985681187217e+01
-1.671433743310833009e+01
-1.670974163113272937e+01
-1.672774552874156484e+01
-1.673211312613882740e+01
-1.671471665542256346e+01
-1.671029760845633660e+01
-1.672751719380439894e+01
-1.673170637224116319e+01
-1.671508141829087890e+01
-1.671083146862493862e+01
-1.672730036318813518e+01
-1.673131867511175486e+01
-1.671543228811447790e+01
-1.671134410700389594e+01
-1.672709448297981183e+01
-1.673094915456641019e+01
-1.671576980663954259e+01
-1.671183638015525830e+01
-1.672689902314848354e+01
-1.673059696851664313e+01
-1.671609449203518238e+01
-1.671230910752600352e+01
-1.672671347651090912e+01
-1.673026131131532068e+01
-1.671640683992233889e+01
-1.671276307305535980e+01
-1.672653735775097772e+01
-1.672994141217233022e+01
-1.671670732436076889e+01
-1.671319902671583080e+01
-1.672637020247496054e+01
-1.672963653364142900e+01
-1.671699639878959687e+01
-1.671361768598906039e+01
-1.672621156630473394e+01
-1.672934597017279401e+01
-1.671727449692756906e+01
-1.671401973727051526e+01
-1.672606102402085781e+01
-1.672906904672491635e+01
-1.671754203363218139e+01
-1.671440583722542428e+01
-1.672591816872434123e+01
-1.672880511744327237e+01
-1.671779940572327305e+01
-1.671477661407096704e+01
-1.672578261105616093e+01
-1.672855356438806140e+01
-1.671804699277187112e+01
-1.671513266881523307e+01
-1.672565397843193935e+01
-1.672831379632492954e+01
-1.671828515784888225e+01
-1.671547457643608681e+01
-1.672553191431925512e+01
-1.672808524756597492e+01
-1.671851424824530952e+01
-1.671580288701091632e+01
-1.672541607754338955e+01
-1.672786737685763825e+01
-1.671873459616103119e+01
-1.671611812679540066e+01
-1.672530614162592499e+01
-1.672765966632157841e+01
-1.671894651936186449e+01
-1.671642079925902991e+01
-1.672520179414399877e+01
-1.672746162044022000e+01
-1.671915032180898919e+01
-1.671671138607096196e+01
-1.672510273612995846e+01
-1.672727276508452476e+01
-1.671934629425892638e+01
-1.671699034804900919e+01
-1.672500868148164699e+01
-1.672709264658778849e+01
-1.671953471484068388e+01
-1.671725812606075579e+01
-1.672491935641327032e+01
-1.672692083085591719e+01
-1.671971584960316903e+01
-1.671751514189052301e+01
-1.672483449891823426e+01
-1.672675690252007641e+01
-1.671988995304272407e+01
-1.671776179906873594e+01
-1.672475385826123784e+01
-1.672660046412155310e+01
-1.672005726860827224e+01
-1.671799848366035945e+01
-1.672467719449253210e+01
-1.672645113533840089e+01
-1.672021802917599231e+01
-1.671822556502607071e+01
-1.672460427797728855e+01
-1.672630855223819069e+01
-1.672037245751704049e+01
-1.671844339654222011e+01
-1.672453488895649087e+01
-1.672617236657123385e+01
-1.672052076673234211e+01
-1.671865231629977444e+01
-1.672446881711204014e+01
-1.672604224508761561e+01
-1.672066316067410696e+01
-1.671885264776200586e+01
-1.672440586116411154e+01
-1.672591786888990129e+01
-1.672079983434881711e+01
-1.671904470040153967e+01
-1.672434582848180540e+01
-1.672579893280762420e+01
-1.672093097430365205e+01
-1.671922877030853982e+01
-1.672428853470111676e+01
-1.672568514480409618e+01
-1.672105675899282318e+01
-1.671940514076565876e+01
-1.672423380337687604e+01
-1.672557622540994871e+01
-1.672117735912639702e+01
-1.671957408280934487e+01
-1.672418146563617825e+01
-1.672547190717342502e+01
-1.672129293801472727e+01
-1.671973585575834420e+01
-1.672413135984945143e+01
-1.672537193414459367e+01
-1.672140365188293032e+01
-1.671989070771802943e+01
-1.672408333132447567e+01
-1.672527606137469647e+01
-1.672150965018209234e+01
-1.672003887607568018e+01
-1.672403723199542824e+01
-1.672518405444077061e+01
-1.672161107588457085e+01
-1.672018058795432083e+01
-1.672399292014995709e+01
-1.672509568899020138e+01
-1.672170806576284718e+01
-1.672031606066547837e+01
-1.672395026014429931e+01
-1.672501075030395867e+01
-1.672180075066237848e+01
-1.672044550213140468e+01
-1.672390912214419600e+01
-1.672492903288158672e+01
-1.672188925575533602e+01
-1.672056911129148560e+01
-1.672386938187811367e+01
-1.672485034004057880e+01
-1.672197370078944445e+01
-1.672068707849369673e+01
-1.672383092039047270e+01
-1.672477448353641094e+01
-1.672205420032495482e+01
-1.672079958586358117e+01
-1.672379362382018542e+01
-1.672470128319541516e+01
-1.672213086395774795e+01
-1.672090680766397952e+01
-1.672375738317186844e+01
-1.672463056657040426e+01
-1.672220379653376199e+01
-1.672100891063401207e+01
-1.672372209411241784e+01
-1.672456216860085831e+01
-1.672227309836029008e+01
-1.672110605431307206e+01
-1.672368765676815627e+01
-1.672449593130131618e+01
-1.672233886539490655e+01
-1.672119839135712738e+01
-1.672365397553283373e+01
-1.672443170344534735e+01
-1.672240118944531062e+01
-1.672128606783229543e+01
-1.672362095888142974e+01
-1.672436934028481659e+01
-1.672246015833936994e+01
-1.672136922350411581e+01
-1.672358851919789657e+01
-1.672430870326176588e+01
-1.672251585610449709e+01
-1.672144799210695254e+01
-1.672355657260280992e+01
-1.672424965974682465e+01
-1.672256836312736894e+01
-1.672152250160742071e+01
-1.672352503879671204e+01
-1.672419208278061475e+01
-1.672261775631656278e+01
-1.672159287445354892e+01
-1.672349384090186675e+01
-1.672413585082870924e+01
-1.672266410925190883e+01
-1.672165922781329783e+01
-1.672346290531722346e+01
-1.672408084754877322e+01
-1.672270749232909637e+01
-1.672172167380171359e+01
-1.672343216157789669e+01
-1.672402696156811075e+01
-1.672274797289452053e+01
-1.672178031970368295e+01
-1.672340154221865660e+01
-1.672397408626612503e+01
-1.672278561538465169e+01
-1.672183526817873300e+01
-1.672337098264448940e+01
-1.672392211957235730e+01
-1.672282048144529654e+01
-1.672188661746368865e+01
-1.672334042100977314e+01
-1.672387096376935745e+01
-1.672285263005700529e+01
-1.672193446156310515e+01
-1.672330979809666118e+01
-1.672382052530675978e+01
-1.672288211764800181e+01
-1.672197889043037833e+01
-1.672327905720680974e+01
-1.672377071461828280e+01
-1.672290899820781362e+01
-1.672201999014875895e+01
-1.672324814404706927e+01
-1.672372144595428267e+01
-1.672293332338947636e+01
-1.672205784309081977e+01
-1.672321700663332322e+01
-1.672367263721477215e+01
-1.672295514261517013e+01
-1.672209252808699276e+01
-1.672318559518317116e+01
-1.672362420979544950e+01
-1.672297450316764511e+01
-1.672212412057215758e+01
-1.672315386202823007e+01
-1.672357608843517696e+01
-1.672299145028715373e+01
-1.672215269273599603e+01
-1.672312176152252405e+01
-1.672352820107115079e+01
-1.672300602726090091e+01
-1.672217831366155139e+01
-1.672308924995251189e+01
-1.672348047870513454e+01
-1.672301827550221986e+01
-1.672220104946274688e+01
-1.672305628545461431e+01
-1.672343285526923751e+01
-1.672302823463761712e+01
-1.672222096340652442e+01
-1.672302282794163020e+01
-1.672338526750109011e+01
-1.672303594257970616e+01
-1.672223811604388288e+01
-1.672298883901827793e+01
-1.672333765482308721e+01
-1.672304143560635481e+01
-1.672225256531906368e+01
-1.672295428191710798e+01
-1.672328995922758921e+01
-1.672304474842689714e+01
-1.672226436668974969e+01
-1.672291912142078729e+01
-1.672324212516637587e+01
-1.672304591425313092e+01
-1.672227357322838870e+01
-1.672288332380304610e+01
-1.672319409944608282e+01
-1.672304496486188441e+01
-1.672228023572859357e+01
-1.672284685675984406e+01
-1.672314583112594377e+01
-1.672304193066011990e+01
-1.672228440280312967e+01
-1.672280968935195489e+01
-1.672309727142252100e+01
-1.672303684074361030e+01
-1.672228612097724465e+01
-1.672277179194412255e+01
-1.672304837361783925e+01
-1.672302972294958323e+01
-1.672228543477925555e+01
-1.672273313615188783e+01
-1.672299909296959797e+01
-1.672302060391746537e+01
-1.672228238682728474e+01
-1.672269369478565082e+01
-1.672294938662739483e+01
-1.672300950913792050e+01
-1.672227701791089061e+01
-1.672265344180212665e+01
-1.672289921355236331e+01
-1.672299646300091425e+01
-1.672226936707003020e+01
-1.672261235225476383e+01
-1.672284853443845520e+01
-1.672298148884755520e+01
-1.672225947167219218e+01
-1.672257040224655356e+01
-1.672279731164046979e+01
-1.672296460901200277e+01
-1.672224736748405860e+01
-1.672252756888316583e+01
-1.672274550910155000e+01
-1.672294584486716218e+01
-1.672223308873628511e+01
-1.672248383023844553e+01
-1.672269309228551037e+01
-1.672292521686566147e+01
-1.672221666819762476e+01
-1.672243916530171504e+01
-1.672264002811365913e+01
-1.672290274457837711e+01
-1.672219813723209114e+01
-1.672239355394954785e+01
-1.672258628490092747e+01
-1.672287844673729751e+01
-1.672217752586186634e+01
-1.672234697690031169e+01
-1.672253183229654283e+01
-1.672285234126655951e+01
-1.672215486282414432e+01
-1.672229941568300049e+01
-1.672247664122937749e+01
-1.672282444531910528e+01
-1.672213017562814485e+01
-1.672225085260064148e+01
-1.672242068385176950e+01
-1.672279477531265357e+01
-1.672210349060586410e+01
-1.672220127070088225e+01
-1.672236393348800476e+01
-1.672276334695688504e+01
-1.672207483296623920e+01
-1.672215065373926990e+01
-1.672230636458266417e+01
-1.672273017529194306e+01
-1.672204422683993741e+01
-1.672209898615319901e+01
-1.672224795265694652e+01
-1.672269527470807304e+01
-1.672201169532801757e+01
-1.672204625303326253e+01
-1.672218867426017397e+01
-1.672265865898015846e+01
-1.672197726054672984e+01
-1.672199244009171437e+01
-1.672212850692765329e+01
-1.672262034129275676e+01
-1.672194094366792783e+01
-1.672193753364202706e+01
-1.672206742913698818e+01
-1.672258033426495771e+01
-1.672190276496228378e+01
-1.672188152056890686e+01
-1.672200542027022863e+01
-1.672253864997624362e+01
-1.672186274383693672e+01
-1.672182438830666840e+01
-1.672194246057411249e+01
-1.672249529999139384e+01
-1.672182089887229850e+01
-1.672176612481445801e+01
-1.672187853112570721e+01
-1.672245029537650751e+01
-1.672177724785905895e+01
-1.672170671855661439e+01
-1.672181361379418263e+01
-1.672240364672979140e+01
-1.672173180783130420e+01
-1.672164615847875169e+01
-1.672174769121071236e+01
-1.672235536419364621e+01
-1.672168459509932248e+01
-1.672158443399034411e+01
-1.672168074673410842e+01
-1.672230545747987662e+01
-1.672163562528204395e+01
-1.672152153494124249e+01
-1.672161276441976696e+01
-1.672225393588780307e+01
-1.672158491333357233e+01
-1.672145745160968389e+01
-1.672154372899368724e+01
-1.672220080831834821e+01
-1.672153247357638861e+01
-1.672139217467861982e+01
-1.672147362582055763e+01
-1.672214608329617036e+01
-1.672147831972595000e+01
-1.672132569522034373e+01
-1.672140244087727012e+01
-1.672208976898438593e+01
-1.672142246491721806e+01
-1.672125800468151979e+01
-1.672133016073114220e+01
-1.672203187319901119e+01
-1.672136492172965916e+01
-1.672118909486692218e+01
-1.672125677251032982e+01
-1.672197240342547886e+01
-1.672130570221337820e+01
-1.672111895792380309e+01
-1.672118226388323237e+01
-1.672191136683251145e+01
-1.672124481790812922e+01
-1.672104758632950094e+01
-1.672110662303309780e+01
-1.672184877028874794e+01
-1.672118227986872796e+01
-1.672097497287539625e+01
-1.672102983864131431e+01
-1.672178462037036439e+01
-1.672111809868417964e+01
-1.672090111065664075e+01
-1.672095189986122321e+01
-1.672171892337909327e+01
-1.672105228449933634e+01
-1.672082599305587181e+01
-1.672087279630305190e+01
-1.672165168534968416e+01
-1.672098484703259302e+01
-1.672074961373640178e+01
-1.672079251801105926e+01
-1.672158291206718417e+01
-1.672091579559509000e+01
-1.672067196662607458e+01
-1.672071105544718961e+01
-1.672151260907297043e+01
-1.672084513910964176e+01
-1.672059304590782602e+01
-1.672062839947487234e+01
-1.672144078167833925e+01
-1.672077288612373280e+01
-1.672051284601207044e+01
-1.672054454133903789e+01
-1.672136743497188860e+01
-1.672069904483110392e+01
-1.672043136160017696e+01
-1.672045947265523935e+01
-1.672129257383278045e+01
-1.672062362308247074e+01
-1.672034858756223841e+01
-1.672037318538829709e+01
-1.672121620293821564e+01
-1.672054662840335126e+01
-1.672026451900260469e+01
-1.672028567184386816e+01
-1.672113832677083067e+01
-1.672046806800672769e+01
-1.672017915123376852e+01
-1.672019692464931495e+01
-1.672105894963067030e+01
-1.672038794880675638e+01
-1.672009247976593116e+01
-1.672010693674377890e+01
-1.672097807563930161e+01
-1.672030627743255238e+01
-1.672000450030160579e+01
-1.672001570136361437e+01
-1.672089570875269615e+01
-1.672022306024007321e+01
-1.671991520872613179e+01
-1.671992321203001453e+01
-1.672081185276396198e+01
-1.672013830332500817e+01
-1.671982460109690649e+01
-1.671982946254074776e+01
-1.672072651131252741e+01
-1.672005201252970608e+01
-1.671973267364717231e+01
-1.671973444695212052e+01
-1.672063968789070287e+01
-1.671996419346288576e+01
-1.671963942276348192e+01
-1.671963815957527189e+01
-1.672055138585175271e+01
-1.671987485150022579e+01
-1.671954484499422477e+01
-1.671954059496188094e+01
-1.672046160841281548e+01
-1.671978399180159514e+01
-1.671944893703275525e+01
-1.671944174789501147e+01
-1.672037035866440036e+01
-1.671969161931724557e+01
-1.671935169571716173e+01
-1.671934161338076308e+01
-1.672027763957358459e+01
-1.671959773879601130e+01
-1.671925311802430514e+01
-1.671924018663652589e+01
-1.672018345399177264e+01
-1.671950235479857483e+01
-1.671915320105909686e+01
-1.671913746308583626e+01
-1.672008780465826305e+01
-1.671940547170070346e+01
-1.671905194205672629e+01
-1.671903343834850020e+01
-1.671999069420505890e+01
-1.671930709370491641e+01
-1.671894933837175046e+01
-1.671892810823205267e+01
-1.671989212516211865e+01
-1.671920722484575350e+01
-1.671884538747731241e+01
-1.671882146872435015e+01
-1.671979209996404236e+01
-1.671910586900031603e+01
-1.671874008695597169e+01
-1.671871351598713673e+01
-1.671969062095226022e+01
-1.671900302988903420e+01
-1.671863343450175066e+01
-1.671860424634950704e+01
-1.671958769037726356e+01
-1.671889871109075898e+01
-1.671852542791007323e+01
-1.671849365629761053e+01
-1.671948331040871949e+01
-1.671879291604325246e+01
-1.671841606507536682e+01
-1.671838174247332276e+01
-1.671937748313375138e+01
-1.671868564804974966e+01
-1.671830534399037660e+01
-1.671826850166549150e+01
-1.671927021056212936e+01
-1.671857691028932891e+01
-1.671819326273683970e+01
-1.671815393080409962e+01
-1.671916149463032042e+01
-1.671846670581724936e+01
-1.671807981948593991e+01
-1.671803802695364638e+01
-1.671905133720693470e+01
-1.671835503757288777e+01
-1.671796501249558986e+01
-1.671792078731005304e+01
-1.671893974009265094e+01
-1.671824190838421842e+01
-1.671784884010335404e+01
-1.671780220919482218e+01
-1.671882670502328594e+01
-1.671812732097426135e+01
-1.671773130072644520e+01
-1.671768229004905493e+01
-1.671871223367512016e+01
-1.671801127796573638e+01
-1.671761239285574163e+01
-1.671756102742930494e+01
-1.671859632766745207e+01
-1.671789378188171327e+01
-1.671749211505785482e+01
-1.671743841900360650e+01
-1.671847898856302805e+01
-1.671777483515487006e+01
-1.671737046596869547e+01
-1.671731446254536735e+01
-1.671836021787444793e+01
-1.671765444012881829e+01
-1.671724744429014109e+01
-1.671718915593206489e+01
-1.671824001706240992e+01
-1.671753259906408573e+01
-1.671712304878897370e+01
-1.671706249714004500e+01
-1.671811838753903245e+01
-1.671740931414035103e+01
-1.671699727829587090e+01
-1.671693448423760842e+01
-1.671799533067436627e+01
-1.671728458745884893e+01
-1.671687013170156888e+01
-1.671680511538716729e+01
-1.671787084779348476e+01
-1.671715842105000505e+01
-1.671674160795364728e+01
-1.671667438883548229e+01
-1.671774494018130852e+01
-1.671703081687322623e+01
-1.671661170605577951e+01
-1.671654230291695598e+01
-1.671761760908274752e+01
-1.671690177682162570e+01
-1.671648042506631882e+01
-1.671640885604417193e+01
-1.671748885570664100e+01
-1.671677130272391665e+01
-1.671634776409387158e+01
-1.671627404670939754e+01
-1.671735868122495816e+01
-1.671663939634973772e+01
-1.671621372229724045e+01
-1.671613787347822822e+01
-1.671722708677889102e+01
-1.671650605940997636e+01
-1.671607829888415608e+01
-1.671600033498883420e+01
-1.671709407347713494e+01
-1.671637129355871920e+01
-1.671594149311025745e+01
-1.671586142994924984e+01
-1.671695964239661691e+01
-1.671623510040092953e+01
-1.671580330427148908e+01
-1.671572115713376050e+01
-1.671682379458648171e+01
-1.671609748148871688e+01
-1.671566373171067355e+01
-1.671557951538101250e+01
-1.671668653106914704e+01
-1.671595843832827555e+01
-1.671552277481113791e+01
-1.671543650359121003e+01
-1.671654785284186673e+01
-1.671581797237824318e+01
-1.671538043299650056e+01
-1.671529212072475090e+01
-1.671640776087531677e+01
-1.671567608505718283e+01
-1.671523670572823050e+01
-1.671514636579887281e+01
-1.671626625611914108e+01
-1.671553277773942270e+01
-1.671509159250623711e+01
-1.671499923788485376e+01
-1.671612333950276508e+01
-1.671538805176038167e+01
-1.671494509286726426e+01
-1.671485073611056293e+01
-1.671597901192827607e+01
-1.671524190841980939e+01
-1.671479720638196298e+01
-1.671470085965152919e+01
-1.671583327428688648e+01
-1.671509434898206692e+01
-1.671464793265433713e+01
-1.671454960773482412e+01
-1.671568612744485449e+01
-1.671494537467545172e+01
-1.671449727132132779e+01
-1.671439697963450044e+01
-1.671553757225331793e+01
-1.671479498669812003e+01
-1.671434522205280260e+01
-1.671424297467038400e+01
-1.671538760954798164e+01
-1.671464318621729817e+01
-1.671419178454639010e+01
-1.671408759220674511e+01
-1.671523624014806231e+01
-1.671448997437072492e+01
-1.671403695853272353e+01
-1.671393083165039073e+01
-1.671508346485788365e+01
-1.671433535227003020e+01
-1.671388074376673671e+01
-1.671377269245047970e+01
-1.671492928446773973e+01
-1.671417932099791770e+01
-1.671372314003508919e+01
-1.671361317409429148e+01
-1.671477369975639959e+01
-1.671402188161695790e+01
-1.671356414714762550e+01
-1.671345227610806816e+01
-1.671461671149090478e+01
-1.671386303516076310e+01
-1.671340376494343616e+01
-1.671328999805649573e+01
-1.671445832042330082e+01
-1.671370278264520692e+01
-1.671324199328418203e+01
-1.671312633953698068e+01
-1.671429852730091881e+01
-1.671354112506282164e+01
-1.671307883205668077e+01
-1.671296130018487958e+01
-1.671413733285603342e+01
-1.671337806338643261e+01
-1.671291428117121924e+01
-1.671279487966727118e+01
-1.671397473781329523e+01
-1.671321359857088140e+01
-1.671274834055992287e+01
-1.671262707768291733e+01
-1.671381074288983015e+01
-1.671304773155271661e+01
-1.671258101017895470e+01
-1.671245789396301618e+01
-1.671364534879398889e+01
-1.671288046325081922e+01
-1.671241229000534645e+01
-1.671228732826769914e+01
-1.671347855622698475e+01
-1.671271179456951828e+01
-1.671224218003534645e+01
-1.671211538038757283e+01
-1.671331036588233943e+01
-1.671254172639714142e+01
-1.671207068028687814e+01
-1.671194205014054290e+01
-1.671314077844825263e+01
-1.671237025960851241e+01
-1.671189779079821136e+01
-1.671176733737176789e+01
-1.671296979460628052e+01
-1.671219739506577895e+01
-1.671172351162362801e+01
-1.671159124195311207e+01
-1.671279741503343885e+01
-1.671202313361699865e+01
-1.671154784283879025e+01
-1.671141376378188426e+01
-1.671262364040168436e+01
-1.671184747609893861e+01
-1.671137078453692837e+01
-1.671123490278030843e+01
-1.671244847137800349e+01
-1.671167042333854980e+01
-1.671119233682685490e+01
-1.671105465889471020e+01
-1.671227190862457590e+01
-1.671149197615043391e+01
-1.671101249983806625e+01
-1.671087303209295527e+01
-1.671209395280328991e+01
-1.671131213534197002e+01
-1.671083127371143462e+01
-1.671069002236776058e+01
